9.067,30,271,41
B0,mixamorig_Hips,-1,0.9999769926071167,0.005448279902338982,-0.00406200997531414,0,-0.005672129802405834,0.9983402490615845,-0.05731097236275673,0,0.003743009874597192,0.05733297020196915,0.9983482956886292,0,-0.04516785964369774,0.1138639971613884,0.02974914014339447,1
B1,mixamorig_Spine,0,0.9992372989654541,0.03822888061404228,-0.00796310044825077,0,-0.03545688837766647,0.9736813902854919,0.22513943910598755,0,0.016360649839043617,-0.22468529641628265,0.974294126033783,0,0,0.0196749996393919,-0.00042299999040551484,1
B2,mixamorig_Spine1,1,0.9999889731407166,-0.0023726001381874084,-0.004156129900366068,0,0.0025406000204384327,0.9991552829742432,0.04100913926959038,0,0.004055269993841648,-0.04101914167404175,0.999150276184082,0,0,0.022958999499678612,0,1
B3,mixamorig_Spine2,2,0.9999899864196777,-0.0025136000476777554,-0.003772699972614646,0,0.002666170010343194,0.9991532564163208,0.041058141738176346,0,0.003666269825771451,-0.041067708283662796,0.9991492629051208,0,0,0.026239000260829926,0,1
B4,mixamorig_Neck,3,0.9997944235801697,0.01777059957385063,-0.009787410497665405,0,-0.017362458631396294,0.9990371465682983,0.04029214754700661,0,0.010494260117411613,-0.04011400789022446,0.9991397261619568,0,0,0.02951899915933609,0,1
B5,mixamorig_Head,4,0.9308125376701355,-0.3428281545639038,-0.12671442329883575,0,0.3217162787914276,0.9330318570137024,-0.16108985245227814,0,0.1734546273946762,0.10917813330888748,0.9787716865539551,0,0,0.03175999969244003,-0.001259000040590763,1
B6,mixamorig_HeadTop_End,5,1,0,0,0,0,1,0,0,0,0,1,0,0,0.168272003531456,-0.006670000031590462,1
B7,mixamorig_LeftShoulder,3,0.022596200928092003,0.011324860155582428,-0.9996806979179382,0,0.9123498797416687,-0.4090994894504547,0.015988320112228394,0,-0.40878722071647644,-0.9124197363853455,-0.01957622915506363,0,0.013248000293970108,0.024746999144554138,-0.00010599999950500205,1
B8,mixamorig_LeftArm,7,0.6950991749763489,0.7013539671897888,-0.15792284905910492,0,-0.665668785572052,0.7108612060546875,0.22707058489322662,0,0.2715183198451996,-0.05271187052130699,0.9609884023666382,0,0,0.02818400040268898,0,1
B9,mixamorig_LeftForeArm,8,0.6126332879066467,0.6789169311523438,0.4046623110771179,0,-0.6899027824401855,0.7091655731201172,-0.14532345533370972,0,-0.3856346905231476,-0.1901477724313736,0.9028452634811401,0,0,0.04408000037074089,0,1
B10,mixamorig_LeftHand,9,0.8626962304115295,0.053309790790081024,-0.5029042363166809,0,-0.47522804141044617,0.4255431890487671,-0.7701106667518616,0,0.17295315861701965,0.9033664464950562,0.39244893193244934,0,0,0.04049000144004822,0,1
B11,mixamorig_LeftHandThumb1,10,0.8376020193099976,0.24681200087070465,-0.48734599351882935,0,0.007247000001370907,0.8870180249214172,0.46167799830436707,0,0.5462324023246765,-0.39023399353027344,0.7411800026893616,0,-0.011188999749720097,0.0069229998625814915,0,1
B12,mixamorig_LeftHandThumb2,11,0.9949719905853271,0.09972056746482849,-0.009309000335633755,0,-0.10013456642627716,0.9923084378242493,-0.07277999818325043,0,0.0019795699045062065,0.07334599643945694,0.9973049759864807,0,-0.002584999892860651,0.010204000398516655,0,1
B13,mixamorig_LeftHandThumb3,12,0.9902939796447754,0.13593199849128723,0.028992999345064163,0,-0.13580599427223206,0.9907159805297852,-0.0062859999015927315,0,-0.02957800030708313,0.0022879999596625566,0.9995599985122681,0,0.0009289999725297093,0.011548999696969986,0,1
B14,mixamorig_LeftHandThumb4,13,1,0,0,0,0,1,0,0,0,0,1,0,0.0016550000291317701,0.008231000043451786,0,1
B15,mixamorig_LeftHandIndex1,10,0.9979029893875122,0.0647049993276596,0.0015664300881326199,0,-0.05649299919605255,0.8589370250701904,0.5089560151100159,0,0.03158656880259514,-0.5079774260520935,0.860791027545929,0,0,0.010764000006020069,0.0001250000059371814,1
B16,mixamorig_LeftHandIndex2,15,0.9985160231590271,0.05035800114274025,0.020733429118990898,0,-0.05053500086069107,0.7148929834365845,0.6974049806594849,0,0.020298000425100327,-0.6974179744720459,0.7163770198822021,0,0.0003969999961555004,0.01895200088620186,0,1
B17,mixamorig_LeftHandIndex3,16,0.9998250007629395,0.018709000200033188,-0.0006854299572296441,0,-0.018641000613570213,0.9982630014419556,0.05589200183749199,0,0.0017304300563409925,-0.05587000027298927,0.9984369874000549,0,-0.00025099999038502574,0.014946999959647655,0,1
B18,mixamorig_LeftHandIndex4,17,1,0,0,0,0,1,0,0,0,0,1,0,-0.00014600000577047467,0.011982000432908535,0,1
B19,mixamorig_RightShoulder,3,0.028672220185399055,-0.010842000134289265,0.9995301365852356,0,-0.9215644001960754,-0.3875884711742401,0.022231070324778557,0,0.3871656358242035,-0.921768844127655,-0.021104460582137108,0,-0.013248000293970108,0.024746999144554138,-0.00009899999713525176,1
B20,mixamorig_RightArm,19,0.5060288310050964,-0.8553775548934937,-0.11074263602495193,0,0.8624897599220276,0.5028409361839294,0.05712282285094261,0,0.006824270356446505,-0.12442020326852798,0.9922062158584595,0,0,0.02818400040268898,0,1
B21,mixamorig_RightForeArm,20,0.6602824926376343,-0.6463983654975891,-0.38235610723495483,0,0.654942512512207,0.7447510361671448,-0.12804582715034485,0,0.36752837896347046,-0.16587452590465546,0.9150998592376709,0,0,0.04406600072979927,0,1
B22,mixamorig_RightHand,21,0.4480591118335724,-0.3681587278842926,0.8146796226501465,0,0.6873162984848022,0.7245959043502808,-0.050562210381031036,0,-0.5716982483863831,0.5825976133346558,0.577703595161438,0,0,0.04056600108742714,0,1
B23,mixamorig_RightHandThumb1,22,0.9088630080223083,-0.36164000630378723,0.2078070044517517,0,0.31002798676490784,0.9190340042114258,0.24343200027942657,0,-0.27901700139045715,-0.15681999921798706,0.9473950266838074,0,0.011164999566972256,0.0057069999165833,0,1
B24,mixamorig_RightHandThumb2,23,0.9949700236320496,0.02737399935722351,0.09636256843805313,0,-0.042844999581575394,0.9858030080795288,0.16234800219535828,0,-0.090549997985363,-0.16565999388694763,0.9820169806480408,0,0.0019809999503195286,0.009832999669015408,0,1
B25,mixamorig_RightHandThumb3,24,0.6839826107025146,0.5580624341964722,0.4698239862918854,0,-0.6975910067558289,0.688746988773346,0.19746999442577362,0,-0.2133895605802536,-0.4628109931945801,0.8603900074958801,0,-0.0006939999875612557,0.011506999842822552,0,1
B26,mixamorig_RightHandThumb4,25,1,0,0,0,0,1,0,0,0,0,1,0,-0.0012860000133514404,0.008825999684631824,0,1
B27,mixamorig_RightHandIndex1,22,0.9986940026283264,-0.04876856878399849,0.01522199995815754,0,0.033106569200754166,0.8447009921073914,0.5342140197753906,0,-0.03891099989414215,-0.5330129861831665,0.8452119827270508,0,0,0.013063999824225903,0.00017100000695791095,1
B28,mixamorig_RightHandIndex2,27,0.9941949844360352,-0.09035400301218033,-0.05841600149869919,0,0.09245699644088745,0.43976256251335144,0.8933424353599548,0,-0.055027998983860016,-0.8935574293136597,0.44556355476379395,0,-0.00016999999934341758,0.01789500005543232,0,1
B29,mixamorig_RightHandIndex3,28,0.9997559785842896,0.021820999681949615,-0.003283000085502863,0,-0.02206042967736721,0.9847720265388489,-0.17244400084018707,0,-0.0005300000193528831,0.1724744290113449,0.985014021396637,0,0.00009300000237999484,0.014088000170886517,0,1
B30,mixamorig_RightHandIndex4,29,1,0,0,0,0,1,0,0,0,0,1,0,0.00007699999696342275,0.011260000057518482,0,1
B31,mixamorig_LeftUpLeg,0,-0.9876636862754822,-0.04554859921336174,0.1498187929391861,0,0.15436792373657227,-0.44384151697158813,0.8827095031738281,0,0.02628966048359871,0.894946813583374,0.44539764523506165,0,0.02312999963760376,-0.01093399990350008,-0.00048099999548867345,1
B32,mixamorig_LeftLeg,31,0.9963642954826355,0.05116378888487816,-0.06812050938606262,0,-0.08404868841171265,0.45964571833610535,-0.8841165900230408,0,-0.01392348948866129,0.8866275548934937,0.46227455139160156,0,0,0.06177600100636482,0,1
B33,mixamorig_LeftFoot,32,0.9954245686531067,0.05210686847567558,0.08009486645460129,0,-0.0943845883011818,0.6668695211410522,0.7391725778579712,0,-0.014897139742970467,-0.7433500289916992,0.6687365174293518,0,0,0.054933998733758926,0,1
B34,mixamorig_LeftToeBase,33,0.9951704144477844,-0.0002579999854788184,0.09815827012062073,0,-0.06360183656215668,0.7599893808364868,0.646816074848175,0,-0.07476627826690674,-0.6499356627464294,0.7563028931617737,0,0,0.04061900079250336,0,1
B35,mixamorig_LeftToe_End,34,1,0,0,0,0,1,0,0,0,0,1,0,0,0.016471000388264656,0,1
B36,mixamorig_RightUpLeg,0,-0.9755508899688721,0.07190005481243134,-0.20767997205257416,0,-0.21848636865615845,-0.4194202125072479,0.8811076879501343,0,-0.023753659799695015,0.904940128326416,0.42487478256225586,0,-0.02312999963760376,-0.01093399990350008,-0.0005450000171549618,1
B37,mixamorig_RightLeg,36,0.9999583959579468,-0.005012549925595522,-0.007666080258786678,0,-0.005584280006587505,0.32974791526794434,-0.9440523982048035,0,0.007259679958224297,0.9440558552742004,0.32970577478408813,0,0,0.06176700070500374,0,1
B38,mixamorig_RightFoot,37,0.9910976886749268,-0.09272371977567673,-0.09553543478250504,0,0.13120636343955994,0.5585985779762268,0.8189945220947266,0,-0.02257412113249302,-0.8242392539978027,0.5657921433448792,0,0,0.054972000420093536,0,1
B39,mixamorig_RightToeBase,38,0.9955824017524719,0.00006600000051548705,-0.09389227628707886,0,0.05705428123474121,0.793768584728241,0.6055376529693604,0,0.07456813752651215,-0.6082202792167664,0.79025799036026,0,0,0.04060500115156174,0,1
B40,mixamorig_RightToe_End,39,1,0,0,0,0,1,0,0,0,0,1,0,0,0.016150999814271927,0,1
@34,0,1,2,3,4,5,7,8,9,10,11,12,13,15,16,17,19,20,21,22,23,24,25,27,28,29,31,32,33,34,36,37,38,39
K0.000,0.9999709725379944,0.005929000210016966,-0.004850999917834997,0,-0.006200999952852726,0.9982879757881165,-0.058152999728918076,0,0.004497999791055918,0.058180999010801315,0.9982960224151611,0,-0.045187998563051224,0.11384700238704681,0.0297240000218153,1,0.9992449879646301,0.03783499822020531,-0.00877700001001358,0,-0.03489400073885918,0.9737520217895508,0.22492200136184692,0,0.01705699972808361,-0.22444599866867065,0.9743369817733765,0,0,0.0196749996393919,-0.00042299999040551484,1,0.9999849796295166,-0.0032140000257641077,-0.004478000104427338,0,0.0033950000070035458,0.9991509914398193,0.041067998856306076,0,0.004342000000178814,-0.04108300060033798,0.9991459846496582,0,0,0.022958999499678612,0,1,0.9999859929084778,-0.0033650000113993883,-0.00406000018119812,0,0.0035290000960230827,0.9991480112075806,0.04112200066447258,0,0.003918000031262636,-0.0411360003054142,0.9991459846496582,0,0,0.026239000260829926,0,1,0.9998480081558228,0.014453000389039516,-0.009771999903023243,0,-0.014089000411331654,0.9992420077323914,0.0362979993224144,0,0.01028900034725666,-0.03615500032901764,0.9992930293083191,0,0,0.02951899915933609,0,1,0.9345930218696594,-0.33583301305770874,-0.11727099865674973,0,0.31381699442863464,0.9336400032043457,-0.17272700369358063,0,0.167495995759964,0.1246270015835762,0.9779639840126038,0,0,0.03175999969244003,-0.001259000040590763,1,0.0217250008136034,0.011405999772250652,-0.9996989965438843,0,0.911309003829956,-0.4114449918270111,0.015110000036656857,0,-0.4111489951610565,-0.9113630056381226,-0.019332999363541603,0,0.013248000293970108,0.024746999144554138,-0.00010599999950500205,1,0.6938560009002686,0.7023429870605469,-0.15899300575256348,0,-0.6674140095710754,0.7101160287857056,0.22426000237464905,0,0.27041101455688477,-0.04949000105261803,0.9614719748497009,0,0,0.02818400040268898,0,1,0.6128929853439331,0.6787469983100891,0.40455499291419983,0,-0.6897249817848206,0.7093600034713745,-0.14521700143814087,0,-0.38554099202156067,-0.19002999365329742,0.9029099941253662,0,0,0.04408000037074089,0,1,0.8617950081825256,0.053718000650405884,-0.5044050216674805,0,-0.4762040078639984,0.4282500147819519,-0.7680050134658813,0,0.1747560054063797,0.9020619988441467,0.39464399218559265,0,0,0.04049000144004822,0,1,0.8376020193099976,0.24681299924850464,-0.48734599351882935,0,0.007246000226587057,0.8870180249214172,0.46167799830436707,0,0.5462329983711243,-0.39023399353027344,0.7411800026893616,0,-0.011188999749720097,0.0069229998625814915,0,1,0.9949719905853271,0.09972000122070312,-0.009309000335633755,0,-0.1001340001821518,0.9923089742660522,-0.07277899980545044,0,0.001979999942705035,0.07334499806165695,0.9973049759864807,0,-0.002584999892860651,0.010204000398516655,0,1,0.9902939796447754,0.13593199849128723,0.028992999345064163,0,-0.13580599427223206,0.9907150268554688,-0.0062859999015927315,0,-0.029579000547528267,0.0022879999596625566,0.9995599985122681,0,0.0009289999725297093,0.011548999696969986,0,1,0.9979029893875122,0.0647049993276596,0.0015670000575482845,0,-0.05649400129914284,0.8589370250701904,0.5089560151100159,0,0.03158700093626976,-0.5079770088195801,0.860791027545929,0,0,0.010764000006020069,0.0001250000059371814,1,0.9985160231590271,0.05035800114274025,0.020733000710606575,0,-0.05053500086069107,0.7148929834365845,0.6974049806594849,0,0.020298000425100327,-0.6974179744720459,0.7163770198822021,0,0.0003969999961555004,0.01895200088620186,0,1,0.9998250007629395,0.018709000200033188,-0.0006849999772384763,0,-0.01864200085401535,0.9982630014419556,0.05589200183749199,0,0.0017300000181421638,-0.05587000027298927,0.9984369874000549,0,-0.00025099999038502574,0.014946999959647655,0,1,0.028154000639915466,-0.01081900019198656,0.9995449781417847,0,-0.9220439791679382,-0.3864710032939911,0.02178799919784069,0,0.3860599994659424,-0.9222379922866821,-0.02085600048303604,0,-0.013248000293970108,0.024746999144554138,-0.00009899999713525176,1,0.5035660266876221,-0.8572049736976624,-0.10779599845409393,0,0.8639320135116577,0.5005580186843872,0.05534299835562706,0,0.006517999805510044,-0.12099699676036835,0.9926310181617737,0,0,0.02818400040268898,0,1,0.662617027759552,-0.6446470022201538,-0.38127401471138,0,0.6531320214271545,0.746504008769989,-0.12708699703216553,0,0.36654898524284363,-0.16481199860572815,0.9156849980354309,0,0,0.04406600072979927,0,1,0.45482000708580017,-0.3645879924297333,0.8125360012054443,0,0.6856600046157837,0.7255899906158447,-0.05822499841451645,0,-0.568340003490448,0.5836049914360046,0.5799959897994995,0,0,0.04056600108742714,0,1,0.9088630080223083,-0.36164000630378723,0.2078070044517517,0,0.31002798676490784,0.9190340042114258,0.24343200027942657,0,-0.27901700139045715,-0.15681999921798706,0.9473950266838074,0,0.011164999566972256,0.0057069999165833,0,1,0.9949700236320496,0.027372999116778374,0.09636200219392776,0,-0.042844999581575394,0.9858030080795288,0.16234800219535828,0,-0.090549997985363,-0.16565999388694763,0.9820169806480408,0,0.0019809999503195286,0.009832999669015408,0,1,0.6839820146560669,0.5580629706382751,0.4698239862918854,0,-0.6975910067558289,0.688746988773346,0.19746999442577362,0,-0.21338899433612823,-0.4628109931945801,0.8603900074958801,0,-0.0006939999875612557,0.011506999842822552,0,1,0.9986940026283264,-0.048767998814582825,0.01522199995815754,0,0.0331059992313385,0.8446999788284302,0.534214973449707,0,-0.03891099989414215,-0.5330129861831665,0.8452119827270508,0,0,0.013063999824225903,0.00017100000695791095,1,0.9941949844360352,-0.09035400301218033,-0.05841600149869919,0,0.09245699644088745,0.43976300954818726,0.8933420181274414,0,-0.055027998983860016,-0.8935570120811462,0.44556400179862976,0,-0.00016999999934341758,0.01789500005543232,0,1,0.9997559785842896,0.021820999681949615,-0.003283000085502863,0,-0.022060999646782875,0.9847720265388489,-0.17244400084018707,0,-0.0005300000193528831,0.17247499525547028,0.985014021396637,0,0.00009300000237999484,0.014088000170886517,0,1,-0.9877049922943115,-0.0446770004928112,0.14980700612068176,0,0.15394699573516846,-0.444581001996994,0.8824099898338318,0,0.027178000658750534,0.8946239948272705,0.44599300622940063,0,0.02312999963760376,-0.01093399990350008,-0.00048099999548867345,1,0.9963690042495728,0.05050799995660782,-0.06853699684143066,0,-0.08412399888038635,0.46019598841667175,-0.8838229775428772,0,-0.013100000098347664,0.8863790035247803,0.46277400851249695,0,0,0.06177600100636482,0,1,0.9954040050506592,0.05255400016903877,0.08005300164222717,0,-0.09464400261640549,0.6672940254211426,0.738756000995636,0,-0.014593999832868576,-0.7429379820823669,0.6692010164260864,0,0,0.054933998733758926,0,1,0.9951750040054321,-0.00025599999935366213,0.09811999648809433,0,-0.06356000155210495,0.7601410150527954,0.6466420292854309,0,-0.07474999874830246,-0.649757981300354,0.7564569711685181,0,0,0.04061900079250336,0,1,-0.9752900004386902,0.07280299812555313,-0.20858700573444366,0,-0.21968500316143036,-0.41956600546836853,0.8807399868965149,0,-0.023395000025629997,0.9048010110855103,0.4251919984817505,0,-0.02312999963760376,-0.01093399990350008,-0.0005450000171549618,1,0.9999489784240723,-0.005654000211507082,-0.008317999541759491,0,-0.0059910002164542675,0.32934799790382385,-0.9441900253295898,0,0.008077999576926231,0.9441919922828674,0.3292970061302185,0,0,0.06176700070500374,0,1,0.9912289977073669,-0.09146200120449066,-0.09539499878883362,0,0.1304119974374771,0.5600460171699524,0.8181329965591431,0,-0.02140199951827526,-0.8233979940414429,0.5670610070228577,0,0,0.054972000420093536,0,1,0.9955559968948364,0.00007500000356230885,-0.09417100250720978,0,0.057342998683452606,0.7927489876747131,0.6068440079689026,0,0.07469899952411652,-0.6095479726791382,0.789222002029419,0,0,0.04060500115156174,0,1
K0.033,0.9999709725379944,0.00585299963131547,-0.004786998964846134,0,-0.006121999584138393,0.9982889890670776,-0.0581590011715889,0,0.004438999108970165,0.05818700045347214,0.9982960224151611,0,-0.045187998563051224,0.11384700238704681,0.0297240000218153,1,0.9992480278015137,0.03779200091958046,-0.008715999312698841,0,-0.03486600145697594,0.9737589955329895,0.22489500045776367,0,0.016985999420285225,-0.22442199289798737,0.97434401512146,0,0,0.0196749996393919,-0.00042299999040551484,1,0.9999849796295166,-0.003192999865859747,-0.004455999471247196,0,0.003373999847099185,0.9991499781608582,0.04109000042080879,0,0.0043209996074438095,-0.04110400006175041,0.9991459846496582,0,0,0.022958999499678612,0,1,0.9999859929084778,-0.0033439998514950275,-0.004038999788463116,0,0.003506999695673585,0.9991469979286194,0.041143998503685,0,0.003897999878972769,-0.04115699976682663,0.999144971370697,0,0,0.026239000260829926,0,1,0.9998409748077393,0.015022005885839462,-0.009611998684704304,0,-0.014669005759060383,0.9992489814758301,0.035854995250701904,0,0.010142998769879341,-0.0357079952955246,0.9993109703063965,0,0,0.02951899915933609,0,1,0.9351279735565186,-0.33444198966026306,-0.11698199808597565,0,0.31255701184272766,0.934162974357605,-0.1721859872341156,0,0.1668660044670105,0.12445199489593506,0.9780939817428589,0,0,0.03175999969244003,-0.001259000040590763,1,0.02177800051867962,0.011401000432670116,-0.9996979832649231,0,0.9113849997520447,-0.4112739861011505,0.015164000913500786,0,-0.41097700595855713,-0.9114400148391724,-0.01934799924492836,0,0.013248000293970108,0.024746999144554138,-0.00010599999950500205,1,0.6938539743423462,0.7023190259933472,-0.15910600125789642,0,-0.6673799753189087,0.7101439833641052,0.22427499294281006,0,0.2705009877681732,-0.049430001527071,0.9614499807357788,0,0,0.02818400040268898,0,1,0.6128029823303223,0.6788049936294556,0.40459299087524414,0,-0.689786970615387,0.709293007850647,-0.1452530026435852,0,-0.38557401299476624,-0.1900710016489029,0.9028880000114441,0,0,0.04408000037074089,0,1,0.8618999719619751,0.05344199761748314,-0.5042549967765808,0,-0.4759860038757324,0.42813101410865784,-0.7682070136070251,0,0.1748329997062683,0.9021350145339966,0.39444300532341003,0,0,0.04049000144004822,0,1,0.8376020193099976,0.24681299924850464,-0.48734599351882935,0,0.007246000226587057,0.8870180249214172,0.46167799830436707,0,0.5462329983711243,-0.39023399353027344,0.7411800026893616,0,-0.011188999749720097,0.0069229998625814915,0,1,0.9949719905853271,0.09972099959850311,-0.009309000335633755,0,-0.10013499855995178,0.9923089742660522,-0.07277899980545044,0,0.001979999942705035,0.07334499806165695,0.9973049759864807,0,-0.002584999892860651,0.010204000398516655,0,1,0.9902939796447754,0.13593199849128723,0.028992999345064163,0,-0.13580599427223206,0.9907159805297852,-0.0062859999015927315,0,-0.029579000547528267,0.0022879999596625566,0.9995599985122681,0,0.0009289999725297093,0.011548999696969986,0,1,0.9979029893875122,0.0647049993276596,0.0015670000575482845,0,-0.05649299919605255,0.8589370250701904,0.5089560151100159,0,0.031585998833179474,-0.5079780220985413,0.860791027545929,0,0,0.010764000006020069,0.0001250000059371814,1,0.9985160231590271,0.05035800114274025,0.020733999088406563,0,-0.05053500086069107,0.7148929834365845,0.6974049806594849,0,0.020298000425100327,-0.6974179744720459,0.7163770198822021,0,0.0003969999961555004,0.01895200088620186,0,1,0.9998250007629395,0.018709000200033188,-0.0006859999848529696,0,-0.018641000613570213,0.9982630014419556,0.05589200183749199,0,0.0017300000181421638,-0.05587000027298927,0.9984369874000549,0,-0.00025099999038502574,0.014946999959647655,0,1,0.028137000277638435,-0.010821999981999397,0.9995459914207458,0,-0.9219939708709717,-0.38659098744392395,0.021767999976873398,0,0.38618001341819763,-0.9221879839897156,-0.020855000242590904,0,-0.013248000293970108,0.024746999144554138,-0.00009899999713525176,1,0.5037059783935547,-0.8570460081100464,-0.10840900987386703,0,0.8638499975204468,0.5006660223007202,0.05564600229263306,0,0.006586000788956881,-0.12167900800704956,0.9925479888916016,0,0,0.02818400040268898,0,1,0.6627669930458069,-0.6445329785346985,-0.3812040090560913,0,0.6530140042304993,0.7466170191764832,-0.1270260065793991,0,0.3664860129356384,-0.16474300622940063,0.9157230257987976,0,0,0.04406600072979927,0,1,0.4541719853878021,-0.36517098546028137,0.8126360177993774,0,0.6860340237617493,0.7252939939498901,-0.05749299377202988,0,-0.5684049725532532,0.5836079716682434,0.5799279808998108,0,0,0.04056600108742714,0,1,0.9088630080223083,-0.36164000630378723,0.2078070044517517,0,0.31002798676490784,0.9190340042114258,0.24343200027942657,0,-0.27901700139045715,-0.15682099759578705,0.9473950266838074,0,0.011164999566972256,0.0057069999165833,0,1,0.9949700236320496,0.02737399935722351,0.09636200219392776,0,-0.042844999581575394,0.9858030080795288,0.16234800219535828,0,-0.090549997985363,-0.16565999388694763,0.9820169806480408,0,0.0019809999503195286,0.009832999669015408,0,1,0.6839820146560669,0.5580629706382751,0.4698239862918854,0,-0.6975910067558289,0.688746988773346,0.19746999442577362,0,-0.21338899433612823,-0.4628109931945801,0.8603900074958801,0,-0.0006939999875612557,0.011506999842822552,0,1,0.9986940026283264,-0.048767998814582825,0.01522199995815754,0,0.0331059992313385,0.8446999788284302,0.534214973449707,0,-0.03891099989414215,-0.5330129861831665,0.8452119827270508,0,0,0.013063999824225903,0.00017100000695791095,1,0.9941949844360352,-0.09035400301218033,-0.05841600149869919,0,0.09245699644088745,0.4397619962692261,0.8933429718017578,0,-0.055027998983860016,-0.8935580253601074,0.4455629885196686,0,-0.00016999999934341758,0.01789500005543232,0,1,0.9997559785842896,0.021820999681949615,-0.003283000085502863,0,-0.022060999646782875,0.9847720265388489,-0.17244400084018707,0,-0.0005300000193528831,0.1724739968776703,0.985014021396637,0,0.00009300000237999484,0.014088000170886517,0,1,-0.9877089858055115,-0.04477600008249283,0.14975599944591522,0,0.15394599735736847,-0.44453999400138855,0.8824309706687927,0,0.02706099860370159,0.8946390151977539,0.44596898555755615,0,0.02312999963760376,-0.01093399990350008,-0.00048099999548867345,1,0.9963610172271729,0.050631001591682434,-0.06856899708509445,0,-0.08420699834823608,0.46010199189186096,-0.8838639855384827,0,-0.01320200227200985,0.8864210247993469,0.462691992521286,0,0,0.06177600100636482,0,1,0.9954079985618591,0.052448999136686325,0.08008100092411041,0,-0.09459400177001953,0.6672700047492981,0.7387850284576416,0,-0.014687000773847103,-0.7429670095443726,0.6691669821739197,0,0,0.054933998733758926,0,1,0.9951769709587097,-0.0002539999841246754,0.09809999912977219,0,-0.06353999674320221,0.7602180242538452,0.6465529799461365,0,-0.07474199682474136,-0.6496679782867432,0.756534993648529,0,0,0.04061900079250336,0,1,-0.9753209948539734,0.07272599637508392,-0.20847000181674957,0,-0.21954500675201416,-0.4196139872074127,0.8807520270347595,0,-0.023422999307513237,0.9047849774360657,0.42522498965263367,0,-0.02312999963760376,-0.01093399990350008,-0.0005450000171549618,1,0.9999499917030334,-0.005605998914688826,-0.008271998725831509,0,-0.0059639993123710155,0.3293839991092682,-0.944176971912384,0,0.008016998879611492,0.9441800117492676,0.32933399081230164,0,0,0.06176700070500374,0,1,0.9912199974060059,-0.0915440022945404,-0.0954039990901947,0,0.13046500086784363,0.5599750280380249,0.8181729912757874,0,-0.02147500030696392,-0.823436975479126,0.56700199842453,0,0,0.054972000420093536,0,1,0.9955570101737976,0.00007400000322377309,-0.09416399896144867,0,0.057335998862981796,0.7927749752998352,0.606810986995697,0,0.07469599694013596,-0.6095139980316162,0.7892490029335022,0,0,0.04060500115156174,0,1
K0.067,0.9999719858169556,0.005789000540971756,-0.004707001149654388,0,-0.0060530006885528564,0.9982870221138,-0.05818599835038185,0,0.004362001083791256,0.058212000876665115,0.9982950091362,0,-0.04518600180745125,0.11384599655866623,0.0297240000218153,1,0.9992499947547913,0.03774699941277504,-0.008647001348435879,0,-0.0348379984498024,0.9737619757652283,0.22488799691200256,0,0.016908999532461166,-0.22441799938678741,0.9743459820747375,0,0,0.0196749996393919,-0.00042299999040551484,1,0.9999849796295166,-0.003179000224918127,-0.004432000685483217,0,0.0033590001985430717,0.9991480112075806,0.04112499952316284,0,0.004297000356018543,-0.04114000126719475,0.9991440176963806,0,0,0.022958999499678612,0,1,0.9999859929084778,-0.0033290002029389143,-0.004015999846160412,0,0.003491000272333622,0.9991459846496582,0.041179001331329346,0,0.0038750001695007086,-0.04119199886918068,0.9991440176963806,0,0,0.026239000260829926,0,1,0.9998340010643005,0.015577994287014008,-0.009476001374423504,0,-0.015233994461596012,0.9992579817771912,0.03537100553512573,0,0.010020000860095024,-0.03522000461816788,0.9993289709091187,0,0,0.02951899915933609,0,1,0.9356619715690613,-0.3330110013484955,-0.11678799986839294,0,0.3112890124320984,0.9347339868545532,-0.17138300836086273,0,0.1662379950284958,0.12400100380182266,0.9782580137252808,0,0,0.03175999969244003,-0.001259000040590763,1,0.0218260008841753,0.011397000402212143,-0.9996970295906067,0,0.9114590287208557,-0.41110900044441223,0.01521299872547388,0,-0.41081100702285767,-0.9115149974822998,-0.019360000267624855,0,0.013248000293970108,0.024746999144554138,-0.00010599999950500205,1,0.6938610076904297,0.7022889852523804,-0.15920700132846832,0,-0.6673420071601868,0.7101770043373108,0.22428199648857117,0,0.27057701349258423,-0.04937500134110451,0.9614310264587402,0,0,0.02818400040268898,0,1,0.6126930117607117,0.6788780093193054,0.40463799238204956,0,-0.6898620128631592,0.7092099785804749,-0.1452990025281906,0,-0.3856140077114105,-0.19012099504470825,0.9028599858283997,0,0,0.04408000037074089,0,1,0.8619970083236694,0.05314900353550911,-0.5041189789772034,0,-0.47577500343322754,0.4280039966106415,-0.7684069871902466,0,0.17492499947547913,0.9022120237350464,0.3942260146141052,0,0,0.04049000144004822,0,1,0.8376020193099976,0.24681200087070465,-0.48734599351882935,0,0.007247000001370907,0.8870180249214172,0.46167799830436707,0,0.5462329983711243,-0.39023399353027344,0.7411800026893616,0,-0.011188999749720097,0.0069229998625814915,0,1,0.9949719905853271,0.09972099959850311,-0.009309000335633755,0,-0.10013499855995178,0.9923089742660522,-0.07277899980545044,0,0.001978999935090542,0.07334599643945694,0.9973049759864807,0,-0.002584999892860651,0.010204000398516655,0,1,0.9902939796447754,0.13593199849128723,0.028992999345064163,0,-0.13580599427223206,0.9907159805297852,-0.0062859999015927315,0,-0.02957800030708313,0.0022879999596625566,0.9995599985122681,0,0.0009289999725297093,0.011548999696969986,0,1,0.9979029893875122,0.0647049993276596,0.0015670000575482845,0,-0.05649299919605255,0.8589360117912292,0.5089560151100159,0,0.031585998833179474,-0.5079780220985413,0.860791027545929,0,0,0.010764000006020069,0.0001250000059371814,1,0.9985160231590271,0.05035800114274025,0.020733999088406563,0,-0.05053500086069107,0.7148939967155457,0.6974049806594849,0,0.020298000425100327,-0.6974179744720459,0.7163779735565186,0,0.0003969999961555004,0.01895200088620186,0,1,0.9998250007629395,0.018709000200033188,-0.0006859999848529696,0,-0.018641000613570213,0.9982630014419556,0.05589300021529198,0,0.0017300000181421638,-0.05587000027298927,0.9984369874000549,0,-0.00025099999038502574,0.014946999959647655,0,1,0.02814899943768978,-0.010824000462889671,0.9995449781417847,0,-0.9219329953193665,-0.3867360055446625,0.021774999797344208,0,0.38632500171661377,-0.9221270084381104,-0.020865999162197113,0,-0.013248000293970108,0.024746999144554138,-0.00009899999713525176,1,0.5038920044898987,-0.8568559885025024,-0.10903999209403992,0,0.8637409806251526,0.5008230209350586,0.055929996073246,0,0.006685999222099781,-0.12236499041318893,0.9924629926681519,0,0,0.02818400040268898,0,1,0.6628900170326233,-0.6444410085678101,-0.38114699721336365,0,0.6529189944267273,0.7467089891433716,-0.12697499990463257,0,0.3664340078830719,-0.16468800604343414,0.9157530069351196,0,0,0.04406600072979927,0,1,0.4534760117530823,-0.36579498648643494,0.8127440214157104,0,0.6864299774169922,0.7249820232391357,-0.05670300871133804,0,-0.5684829950332642,0.5836060047149658,0.5798540115356445,0,0,0.04056600108742714,0,1,0.9088630080223083,-0.36164000630378723,0.2078070044517517,0,0.31002798676490784,0.9190340042114258,0.24343200027942657,0,-0.27901700139045715,-0.15681999921798706,0.9473950266838074,0,0.011164999566972256,0.0057069999165833,0,1,0.9949700236320496,0.027372999116778374,0.09636200219392776,0,-0.042844001203775406,0.9858030080795288,0.16234800219535828,0,-0.090549997985363,-0.16565999388694763,0.9820169806480408,0,0.0019809999503195286,0.009832999669015408,0,1,0.6839820146560669,0.5580629706382751,0.4698239862918854,0,-0.6975910067558289,0.688746988773346,0.19746999442577362,0,-0.21338899433612823,-0.4628109931945801,0.8603900074958801,0,-0.0006939999875612557,0.011506999842822552,0,1,0.9986940026283264,-0.04876900091767311,0.01522199995815754,0,0.0331059992313385,0.8446999788284302,0.534214973449707,0,-0.03891099989414215,-0.5330129861831665,0.8452119827270508,0,0,0.013063999824225903,0.00017100000695791095,1,0.9941949844360352,-0.09035400301218033,-0.05841600149869919,0,0.09245699644088745,0.43976300954818726,0.8933420181274414,0,-0.055027998983860016,-0.8935570120811462,0.44556400179862976,0,-0.00016999999934341758,0.01789500005543232,0,1,0.9997559785842896,0.021821999922394753,-0.003283000085502863,0,-0.022060999646782875,0.9847720265388489,-0.17244400084018707,0,-0.0005300000193528831,0.17247499525547028,0.985014021396637,0,0.00009300000237999484,0.014088000170886517,0,1,-0.987716019153595,-0.04484900087118149,0.14968299865722656,0,0.1539130061864853,-0.44453200697898865,0.882440984249115,0,0.026963001117110252,0.8946390151977539,0.44597500562667847,0,0.02312999963760376,-0.01093399990350008,-0.00048099999548867345,1,0.9963489770889282,0.05080600082874298,-0.0686039999127388,0,-0.08431799709796906,0.460004985332489,-0.883903980255127,0,-0.013348998501896858,0.8864610195159912,0.46261000633239746,0,0,0.06177600100636482,0,1,0.9954100251197815,0.05233599990606308,0.08012299984693527,0,-0.09455099701881409,0.6672369837760925,0.7388200163841248,0,-0.0147939994931221,-0.7430040240287781,0.6691229939460754,0,0,0.054933998733758926,0,1,0.9951810240745544,-0.00025200002710334957,0.09805600345134735,0,-0.06349299848079681,0.760388970375061,0.646356999874115,0,-0.07472400367259979,-0.6494680047035217,0.7567089796066284,0,0,0.04061900079250336,0,1,-0.9753450155258179,0.07266400009393692,-0.20837800204753876,0,-0.21943500638008118,-0.41967299580574036,0.8807510137557983,0,-0.023452000692486763,0.9047620296478271,0.42527100443840027,0,-0.02312999963760376,-0.01093399990350008,-0.0005450000171549618,1,0.9999510049819946,-0.005519000813364983,-0.00821700133383274,0,-0.005940000526607037,0.32942500710487366,-0.9441630244255066,0,0.007917000912129879,0.9441660046577454,0.3293760120868683,0,0,0.06176700070500374,0,1,0.991212010383606,-0.09162499755620956,-0.0954120010137558,0,0.13051599264144897,0.5599049925804138,0.8182129859924316,0,-0.021547000855207443,-0.8234750032424927,0.5669429898262024,0,0,0.054972000420093536,0,1,0.9955570101737976,0.00007400000322377309,-0.09415800124406815,0,0.057328999042510986,0.7928000092506409,0.6067799925804138,0,0.07469300180673599,-0.6094819903373718,0.7892739772796631,0,0,0.04060500115156174,0,1
