1.267,30,38,41
B0,mixamorig_Hips,-1,0.9998777508735657,-0.015438768081367016,0.002457622205838561,0,0.015274228528141975,0.9982633590698242,0.05687922611832619,0,-0.0033313140738755465,-0.0568348690867424,0.9983776211738586,0,0.0013045126106590033,0.1452701836824417,0.046410344541072845,1
B1,mixamorig_Spine,0,0.9999458193778992,-0.005610934924334288,-0.008750639855861664,0,0.005608370527625084,0.9999834299087524,-0.0004008960968349129,0,0.008752895519137383,0.00035235751420259476,0.999960720539093,0,0,0.020509999245405197,-0.00043200000072829425,1
B2,mixamorig_Spine1,1,0.9999915957450867,0.0033451253548264503,-0.002359794219955802,0,-0.00335607398301363,0.9999832510948181,-0.004521892871707678,0,0.0023448453284800053,0.004529892932623625,0.9999862909317017,0,0,0.023933999240398407,0,1
B3,mixamorig_Spine2,2,0.9999915957450867,0.0033177663572132587,-0.0023870246950536966,0,-0.003328125225380063,0.9999832510948181,-0.004535892978310585,0,0.0023720760364085436,0.0045433035120368,0.9999862909317017,0,0,0.02735299989581108,0,1
B4,mixamorig_Neck,3,0.9970405101776123,0.07430325448513031,-0.0162844005972147,0,-0.07592018693685532,0.985736072063446,-0.15012939274311066,0,0.00489000603556633,0.15097104012966156,0.9884743690490723,0,0,0.030772000551223755,0,1
B5,mixamorig_Head,4,0.9962853193283081,-0.06926611810922623,0.048634227365255356,0,0.07372477650642395,0.9919725060462952,-0.10181675851345062,0,-0.04115881025791168,0.10498017072677612,0.9934077858924866,0,0,0.024759000167250633,-0.0009560000034980476,1
B6,mixamorig_HeadTop_End,5,1,0,0,0,0,1,0,0,0,0,1,0,0,0.1756329983472824,-0.0067819999530911446,1
B7,mixamorig_LeftShoulder,3,0.1942538470029831,0.021555200219154358,-0.9807096123695374,0,0.8422769904136658,-0.5161241888999939,0.15549063682556152,0,-0.5028170943260193,-0.8562423586845398,-0.1184137761592865,0,0.013224000111222267,0.026069000363349915,-0.000048999998398358,1
B8,mixamorig_LeftArm,7,0.9405681490898132,0.20762480795383453,-0.26865506172180176,0,0.035059500485658646,0.7274365425109863,0.6851693391799927,0,0.33764946460723877,-0.6538704633712769,0.6769641637802124,0,0,0.028049999848008156,0,1
B9,mixamorig_LeftForeArm,8,0.9801881313323975,0.19804729521274567,-0.0008179745636880398,0,-0.19804228842258453,0.9801817536354065,0.003968486562371254,0,0.0015882049920037389,-0.003728024661540985,0.9999920129776001,0,0,0.03681600093841553,0,1
B10,mixamorig_LeftHand,9,0.9428392052650452,0.22200103104114532,-0.2477906495332718,0,-0.22006423771381378,0.9747470617294312,0.03479144349694252,0,0.2492421567440033,0.021692438051104546,0.9678918719291687,0,0,0.04372299835085869,0,1
B11,mixamorig_LeftHandThumb1,10,0.7813550233840942,0.5529959797859192,0.28927499055862427,0,-0.5610049962997437,0.8254389762878418,-0.06264100223779678,0,-0.2734200060367584,-0.11333999782800674,0.9551939964294434,0,-0.010954000055789948,0.008438999764621258,0,1
B12,mixamorig_LeftHandThumb2,11,0.8740209937095642,-0.48574700951576233,0.01167299970984459,0,0.47407498955726624,0.8577920198440552,0.19860899448394775,0,-0.10648699849843979,-0.16805499792099,0.9800090193748474,0,-0.0017300000181421638,0.010925999842584133,0,1
B13,mixamorig_LeftHandThumb3,12,0.9472460150718689,-0.3198409974575043,-0.020680999383330345,0,0.320250004529953,0.9471009969711304,0.02097400091588497,0,0.012877999804913998,-0.0264905896037817,0.9995660185813904,0,0.00040600000647827983,0.011969000101089478,0,1
B14,mixamorig_LeftHandThumb4,13,1,0,0,0,0,1,0,0,0,0,1,0,0.0013229999458417296,0.008763999678194523,0,1
B15,mixamorig_LeftHandIndex1,10,0.9992780089378357,0.033201999962329865,0.018490999937057495,0,-0.03779099881649017,0.9196079969406128,0.39101600646972656,0,-0.004021999891847372,-0.3914330005645752,0.9201980233192444,0,0,0.014949999749660492,0.00010699999984353781,1
B16,mixamorig_LeftHandIndex2,15,0.9998980164527893,0.013996000401675701,0.0030010000336915255,0,-0.014151999726891518,0.9351770281791687,0.3538990020751953,0,0.0021470000501722097,-0.35390499234199524,0.9352790117263794,0,0.0003659999929368496,0.01895900070667267,0,1
B17,mixamorig_LeftHandIndex3,16,0.9997329711914062,0.023101231083273888,-0.00018900001305155456,0,-0.022870231419801712,0.9908373951911926,0.1331084817647934,0,0.0032624101731926203,-0.1330684870481491,0.9911013841629028,0,-0.00022899999748915434,0.014944000169634819,0,1
B18,mixamorig_LeftHandIndex4,17,1,0,0,0,0,1,0,0,0,0,1,0,-0.00013699999544769526,0.011965000070631504,0,1
B19,mixamorig_RightShoulder,3,0.19413846731185913,-0.0351988784968853,0.9803342223167419,0,-0.8172565698623657,-0.5585429668426514,0.1417863667011261,0,0.5425697565078735,-0.8287254571914673,-0.1372087001800537,0,-0.013224000111222267,0.02607100084424019,-0.00014899999951012433,1
B20,mixamorig_RightArm,19,0.9980045557022095,0.03746367618441582,0.04790961742401123,0,-0.060079775750637054,0.7242274880409241,0.6867808103561401,0,-0.008888831362128258,-0.6882988214492798,0.7252576947212219,0,0,0.028049999848008156,0,1
B21,mixamorig_RightForeArm,20,0.9773346781730652,-0.21164123713970184,-0.0006748214364051819,0,0.21164023876190186,0.9773058891296387,0.007522363215684891,0,-0.0009338214294984937,-0.0074947732500731945,0.9999712705612183,0,0,0.03684400022029877,0,1
B22,mixamorig_RightHand,21,0.8859658241271973,-0.03726769611239433,0.4618457853794098,0,-0.013503423891961575,0.994267463684082,0.10600150376558304,0,-0.46314436197280884,-0.1001882404088974,0.8803854584693909,0,0,0.043657999485731125,0,1
B23,mixamorig_RightHandThumb1,22,0.7249469757080078,-0.5405179858207703,-0.42695701122283936,0,0.61627197265625,0.7858459949493408,0.05152999982237816,0,0.307669997215271,-0.3004780113697052,0.9028019905090332,0,0.011006000451743603,0.008039000444114208,0,1
B24,mixamorig_RightHandThumb2,23,0.869763970375061,0.4678319990634918,0.15698100626468658,0,-0.4812510013580322,0.8745129704475403,0.060196589678525925,0,-0.10911999642848969,-0.1279039978981018,0.9857649803161621,0,0.0012179999612271786,0.010835000313818455,0,1
B25,mixamorig_RightHandThumb3,24,0.9210240244865417,0.3892189860343933,0.014919410459697247,0,-0.3888930082321167,0.9210489988327026,-0.020766999572515488,0,-0.021824410185217857,0.013324589468538761,0.9996730089187622,0,-0.0002730000123847276,0.011909999884665012,0,1
B26,mixamorig_RightHandThumb4,25,1,0,0,0,0,1,0,0,0,0,1,0,-0.0009449999779462814,0.009026999585330486,0,1
B27,mixamorig_RightHandIndex1,22,0.9996129870414734,-0.024974999949336052,-0.012230000458657742,0,0.027475999668240547,0.9548180103302002,0.29591742157936096,0,0.004286999814212322,-0.2961390018463135,0.9551349878311157,0,0,0.01689399965107441,0.00016700000560376793,1
B28,mixamorig_RightHandIndex2,27,0.9996989965438843,-0.024258999153971672,-0.0035669999197125435,0,0.02418000064790249,0.9512400031089783,0.30750301480293274,0,-0.00406700000166893,-0.3074969947338104,0.9515399932861328,0,-0.00018400000408291817,0.017652999609708786,0,1
B29,mixamorig_RightHandIndex3,28,0.9992160201072693,-0.03954441100358963,-0.0017259999876841903,0,0.039303820580244064,0.9860965609550476,0.16145770251750946,0,-0.004683000035583973,-0.16139927506446838,0.9868781566619873,0,0.00015999999595806003,0.014392999932169914,0,1
B30,mixamorig_RightHandIndex4,29,1,0,0,0,0,1,0,0,0,0,1,0,0.000024000000848900527,0.011656999588012695,0,1
B31,mixamorig_LeftUpLeg,0,-0.9677141904830933,-0.12525053322315216,0.21872501075267792,0,0.15376043319702148,-0.9809563755989075,0.11854327470064163,0,0.19971656799316406,0.14834769070148468,0.9685437083244324,0,0.022918999195098877,-0.011362999677658081,-0.00045399999362416565,1
B32,mixamorig_LeftLeg,31,0.9958670735359192,0.09076547622680664,-0.0030529252253472805,0,-0.08725464344024658,0.9469238519668579,-0.30938437581062317,0,-0.025190355256199837,0.30837178230285645,0.9509296417236328,0,0,0.060447998344898224,0,1
B33,mixamorig_LeftFoot,32,0.9940460920333862,-0.034570418298244476,0.10332273691892624,0,-0.07878141850233078,0.42702996730804443,0.9007962942123413,0,-0.07526522874832153,-0.9035726189613342,0.42176520824432373,0,0,0.051343999803066254,0,1
B34,mixamorig_LeftToeBase,33,0.9959650039672852,0.000011589743735385127,0.08974138647317886,0,-0.05360356345772743,0.8020840287208557,0.5948013067245483,0,-0.07197310030460358,-0.5972115993499756,0.7988476753234863,0,0,0.04061900079250336,0,1
B35,mixamorig_LeftToe_End,34,1,0,0,0,0,1,0,0,0,0,1,0,0,0.016471000388264656,0,1
B36,mixamorig_RightUpLeg,0,-0.9859107732772827,0.07331795990467072,-0.15034084022045135,0,-0.09201625734567642,-0.9883086681365967,0.12147924304008484,0,-0.13968020677566528,0.13360238075256348,0.9811307191848755,0,-0.022918999195098877,-0.011362999677658081,-0.0005750000127591193,1
B37,mixamorig_RightLeg,36,0.9945465326309204,-0.09476266801357269,-0.04354143887758255,0,0.07859551906585693,0.9555057287216187,-0.28430846333503723,0,0.06854602694511414,0.2793360948562622,0.9577429294586182,0,0,0.060412000864744186,0,1
B38,mixamorig_RightFoot,37,0.994804859161377,0.012662841938436031,-0.10100556910037994,0,0.08478692173957825,0.4460684359073639,0.8909683227539062,0,0.0563381165266037,-0.8949041366577148,0.44267791509628296,0,0,0.05142899975180626,0,1
B39,mixamorig_RightToeBase,38,0.9955624341964722,5.897866799386975e-7,-0.09410186856985092,0,0.0558246411383152,0.8050243854522705,0.5906097292900085,0,0.0757550522685051,-0.5932422876358032,0.8014514446258545,0,0,0.04060500115156174,0,1
B40,mixamorig_RightToe_End,39,1,0,0,0,0,1,0,0,0,0,1,0,0,0.016150999814271927,0,1
@34,0,1,2,3,4,5,7,8,9,10,11,12,13,15,16,17,19,20,21,22,23,24,25,27,28,29,31,32,33,34,36,37,38,39
K0.000,0.9996079802513123,-0.01805499941110611,-0.021393999457359314,0,0.02790899947285652,0.7023699879646301,0.7112640142440796,0,0.002185000106692314,-0.7115830183029175,0.7025989890098572,0,0.0004030000127386302,0.09537400305271149,0.009808000177145004,1,0.9986199736595154,0.04041599854826927,-0.03354300186038017,0,-0.025471000000834465,0.9311760067939758,0.3636789917945862,0,0.04593300074338913,-0.36232298612594604,0.9309200048446655,0,0,0.020509999245405197,-0.00043200000072829425,1,0.9997779726982117,0.012755000032484531,0.016781000420451164,0,-0.014894000254571438,0.9908379912376404,0.13423499464988708,0,-0.014914999715983868,-0.13445499539375305,0.9908069968223572,0,0,0.023933999240398407,0,1,0.9998499751091003,0.014942999929189682,-0.008735000155866146,0,-0.013638000003993511,0.9908760190010071,0.13408300280570984,0,0.010658999904990196,-0.13394400477409363,0.9909319877624512,0,0,0.02735299989581108,0,1,0.9959840178489685,-0.08019399642944336,0.039806000888347626,0,0.08902700245380402,0.8400670289993286,-0.5351269841194153,0,0.009473999962210655,0.5365219712257385,0.8438330292701721,0,0,0.030772000551223755,0,1,0.9976599812507629,0.04507499933242798,0.051412999629974365,0,0.0005840000230818987,0.7462930083274841,-0.6656169891357422,0,-0.0683709979057312,0.6640899777412415,0.7445200085639954,0,0,0.024759000167250633,-0.0009560000034980476,1,0.3022550046443939,-0.0035039999056607485,-0.9532210230827332,0,0.817467987537384,-0.5133950114250183,0.2610970139503479,0,-0.4902940094470978,-0.858144998550415,-0.1523119956254959,0,0.013224000111222267,0.026069000363349915,-0.000048999998398358,1,0.19166600704193115,0.9814350008964539,-0.006972000002861023,0,-0.9814090132713318,0.1917240023612976,0.008883999660611153,0,0.010054999962449074,0.005140000022947788,0.9999359846115112,0,0,0.028049999848008156,0,1,0.9999989867210388,0.0002390000008745119,-0.0012150000547990203,0,-0.0002390000008745119,1,0.000003999999989900971,0,0.0012150000547990203,-0.000003999999989900971,0.9999989867210388,0,0,0.03681600093841553,0,1,0.7911549806594849,-0.030642999336123466,-0.6108480095863342,0,-0.11433199793100357,0.9737290143966675,-0.1969269961118698,0,0.6008350253105164,0.22563999891281128,0.7668669819831848,0,0,0.04372299835085869,0,1,0.4556970000267029,0.8420720100402832,-0.2885400056838989,0,-0.601481020450592,0.5302489995956421,0.5975419878959656,0,0.6561710238456726,-0.09874700009822845,0.7481229901313782,0,-0.010954000055789948,0.008438999764621258,0,1,0.8344320058822632,-0.5437290072441101,0.08990100026130676,0,0.4830879867076874,0.8001499772071838,0.3555069863796234,0,-0.26523399353027344,-0.2532159984111786,0.9303399920463562,0,-0.0017300000181421638,0.010925999842584133,0,1,0.871366024017334,-0.4864250123500824,-0.0641229972243309,0,0.47930699586868286,0.8718690276145935,-0.10054700076580048,0,0.10481499880552292,0.05687899887561798,0.9928640127182007,0,0.00040600000647827983,0.011969000101089478,0,1,0.9941200017929077,0.08031299710273743,0.0726270005106926,0,-0.10620400309562683,0.5924460291862488,0.7985789775848389,0,0.021108999848365784,-0.801596999168396,0.597491979598999,0,0,0.014949999749660492,0.00010699999984353781,1,0.9917920231819153,0.10168399661779404,0.07751499861478806,0,-0.10595300048589706,0.3142639994621277,0.9434049725532532,0,0.07156900316476822,-0.9438740015029907,0.3224579989910126,0,0.0003659999929368496,0.01895900070667267,0,1,0.9943400025367737,0.1012749969959259,0.03210299834609032,0,-0.09491699934005737,0.711080014705658,0.6966750025749207,0,0.04772799834609032,-0.695779025554657,0.7166680097579956,0,-0.00022899999748915434,0.014944000169634819,0,1,0.3047339916229248,0.01196100004017353,0.9523620009422302,0,-0.7254629731178284,-0.6449739933013916,0.24023200571537018,0,0.617123007774353,-0.7641109824180603,-0.18786799907684326,0,-0.013224000111222267,0.02607100084424019,-0.00014899999951012433,1,0.18374699354171753,-0.9513689875602722,-0.24725300073623657,0,0.9747580289840698,0.20880499482154846,-0.07903499901294708,0,0.12681899964809418,-0.22648899257183075,0.9657220244407654,0,0,0.028049999848008156,0,1,0.999809980392456,-0.019492000341415405,0.00012399999832268804,0,0.019492000341415405,0.999809980392456,0.0006929999799467623,0,-0.00013800000306218863,-0.0006910000229254365,1,0,0,0.03684400022029877,0,1,0.4240269958972931,0.07687799632549286,0.9023810029029846,0,0.05604099854826927,0.9922540187835693,-0.11086799949407578,0,-0.9039139747619629,0.09758099913597107,0.41643399000167847,0,0,0.043657999485731125,0,1,0.5264670252799988,-0.8340250253677368,-0.16503199934959412,0,0.6431810259819031,0.26375699043273926,0.7188540101051331,0,-0.5560129880905151,-0.4845980107784271,0.6752880215644836,0,0.011006000451743603,0.008039000444114208,0,1,0.8196700215339661,0.5585929751396179,0.12694500386714935,0,-0.572035014629364,0.8098899722099304,0.12982399761676788,0,-0.030293000862002373,-0.17903000116348267,0.9833769798278809,0,0.0012179999612271786,0.010835000313818455,0,1,0.4370039999485016,0.8972510099411011,-0.06299000233411789,0,-0.8953459858894348,0.44062700867652893,0.06483600288629532,0,0.08592899888753891,0.028063999488949776,0.9959059953689575,0,-0.0002730000123847276,0.011909999884665012,0,1,0.9791600108146667,-0.1256529986858368,-0.15955199301242828,0,0.19239600002765656,0.32234299182891846,0.9268649816513062,0,-0.06503300368785858,-0.9382460117340088,0.33980000019073486,0,0,0.01689399965107441,0.00016700000560376793,1,0.9907330274581909,-0.11829599738121033,-0.06673800200223923,0,0.11714400351047516,0.49554499983787537,0.8606460094451904,0,-0.06873899698257446,-0.860489010810852,0.5048109889030457,0,-0.00018400000408291817,0.017652999609708786,0,1,0.987529993057251,-0.14275799691677094,-0.06637100130319595,0,0.13663600385189056,0.5677769780158997,0.8117629885673523,0,-0.07820200175046921,-0.8107089996337891,0.5802029967308044,0,0.00015999999595806003,0.014392999932169914,0,1,-0.9414349794387817,0.08149600028991699,0.32719799876213074,0,0.32486000657081604,0.47926199436187744,0.8153370022773743,0,-0.09036699682474136,0.8738800287246704,-0.47766900062561035,0,0.022918999195098877,-0.011362999677658081,-0.00045399999362416565,1,0.990477979183197,-0.09036699682474136,0.10385899990797043,0,0.09024100005626678,-0.14356300234794617,-0.9855179786682129,0,0.10396800190210342,0.9855070114135742,-0.13404099643230438,0,0,0.060447998344898224,0,1,0.9828580021858215,0.129038006067276,0.13167600333690643,0,-0.1592240035533905,0.23408600687980652,0.9590889811515808,0,0.09293600171804428,-0.9636150002479553,0.25061899423599243,0,0,0.051343999803066254,0,1,0.9956750273704529,0.000012000000424450263,0.0929040014743805,0,-0.05689400061964989,0.7906270027160645,0.6096490025520325,0,-0.07344499975442886,-0.6122980117797852,0.7872089743614197,0,0,0.04061900079250336,0,1,-0.937263011932373,-0.19869300723075867,-0.2864589989185333,0,-0.3467220067977905,0.44559401273727417,0.8253660202026367,0,-0.03635000064969063,0.8729069828987122,-0.48653098940849304,0,-0.022918999195098877,-0.011362999677658081,-0.0005750000127591193,1,0.983788013458252,0.1404220014810562,-0.11155100166797638,0,-0.09176500141620636,-0.1402599960565567,-0.9858530163764954,0,-0.15408200025558472,0.980105996131897,-0.1251000016927719,0,0,0.060412000864744186,0,1,0.9622259736061096,-0.20741499960422516,-0.17635099589824677,0,0.2203959971666336,0.2131659984588623,0.9518330097198486,0,-0.15983200073242188,-0.9547460079193115,0.25082701444625854,0,0,0.05142899975180626,0,1,0.9955220222473145,0.000007000000096013537,-0.0945340022444725,0,0.056272998452186584,0.8034870028495789,0.5926560163497925,0,0.07596100121736526,-0.5953220129013062,0.7998890280723572,0,0,0.04060500115156174,0,1
K0.033,0.9993810057640076,-0.02424813248217106,-0.025489088147878647,0,0.03517915681004524,0.696354866027832,0.7168351411819458,0,0.000366958265658468,-0.7172881364822388,0.6967768669128418,0,0.0004210002371110022,0.0956600084900856,0.010146007873117924,1,0.9985780119895935,0.041007012128829956,-0.03407001495361328,0,-0.02613101154565811,0.9334830641746521,0.3576698899269104,0,0.0464710108935833,-0.3562708795070648,0.9332270622253418,0,0,0.020509999245405197,-0.00043200000072829425,1,0.9998130202293396,0.013384012505412102,0.01399093959480524,0,-0.015106003731489182,0.9912300109863281,0.1312839388847351,0,-0.012111939489841461,-0.1314709335565567,0.9912459850311279,0,0,0.023933999240398407,0,1,0.9998409748077393,0.015336007811129093,-0.009142009541392326,0,-0.014006007462739944,0.9912660121917725,0.1311299353837967,0,0.011073009110987186,-0.1309809386730194,0.9913229942321777,0,0,0.02735299989581108,0,1,0.9972389936447144,-0.06789273023605347,0.030081791803240776,0,0.07343766838312149,0.8415960073471069,-0.535090982913971,0,0.011012032628059387,0.5358229875564575,0.8442580103874207,0,0,0.030772000551223755,0,1,0.9981480240821838,0.03446977958083153,0.05012897774577141,0,0.0071141417138278484,0.7522051334381104,-0.658889889717102,0,-0.06041884422302246,0.658025860786438,0.7505671381950378,0,0,0.024759000167250633,-0.0009560000034980476,1,0.29956093430519104,-0.0029699879232794046,-0.9540719985961914,0,0.8167110085487366,-0.516139030456543,0.2580389380455017,0,-0.49320006370544434,-0.856499969959259,-0.15218999981880188,0,0.013224000111222267,0.026069000363349915,-0.000048999998398358,1,0.21691103279590607,0.9756429195404053,-0.032727546989917755,0,-0.9760569930076599,0.21731603145599365,0.009322023950517178,0,0.016207145527005196,0.029922526329755783,0.9994209408760071,0,0,0.028049999848008156,0,1,0.9987850189208984,0.04926200956106186,-0.0011899999808520079,0,-0.04926101118326187,0.9987850189208984,0.0009870001813396811,0,0.0012379999971017241,-0.0009270001901313663,0.9999989867210388,0,0,0.03681600093841553,0,1,0.8153305053710938,-0.044457901269197464,-0.5772871971130371,0,-0.07624271512031555,0.9801220893859863,-0.1831616759300232,0,0.5739542841911316,0.19335061311721802,0.7957335114479065,0,0,0.04372299835085869,0,1,0.4615541994571686,0.8408769369125366,-0.28265580534935,0,-0.6284125447273254,0.5348101258277893,0.5648682117462158,0,0.6261522173881531,-0.08309274911880493,0.7752605676651001,0,-0.010954000055789948,0.008438999764621258,0,1,0.8389101028442383,-0.5380148887634277,0.0822768360376358,0,0.48354199528694153,0.8061321377754211,0.3410826623439789,0,-0.24983367323875427,-0.2463538497686386,0.9364261031150818,0,-0.0017300000181421638,0.010925999842584133,0,1,0.8799951672554016,-0.47117966413497925,-0.05998991057276726,0,0.4654437005519867,0.880601167678833,-0.08890075236558914,0,0.09471578896045685,0.05031084641814232,0.9942319989204407,0,0.00040600000647827983,0.011969000101089478,0,1,0.9946730136871338,0.07815994322299957,0.06719987839460373,0,-0.10173489153385162,0.639600932598114,0.7619451284408569,0,0.016572918742895126,-0.7647231221199036,0.6441459059715271,0,0,0.014949999749660492,0.00010699999984353781,1,0.9932199716567993,0.09577083587646484,0.06589077413082123,0,-0.09938782453536987,0.40558382868766785,0.9086380004882812,0,0.060296785086393356,-0.9090259671211243,0.4123528003692627,0,0.0003659999929368496,0.01895900070667267,0,1,0.9951949715614319,0.09427283704280853,0.026447895914316177,0,-0.08890786021947861,0.7569248080253601,0.6474258899688721,0,0.0410158708691597,-0.6466658711433411,0.7616698145866394,0,-0.00022899999748915434,0.014944000169634819,0,1,0.30773505568504333,0.012588013894855976,0.9513890147209167,0,-0.7231489419937134,-0.6467350721359253,0.2424660474061966,0,0.6183480024337769,-0.762610912322998,-0.18992003798484802,0,-0.013224000111222267,0.02607100084424019,-0.00014899999951012433,1,0.2339554727077484,-0.9394428730010986,-0.25042200088500977,0,0.9633598923683167,0.25874248147010803,-0.07064294815063477,0,0.13116006553173065,-0.22471895813941956,0.9655560255050659,0,0,0.028049999848008156,0,1,0.9939848780632019,-0.10952070355415344,-0.00008300364424940199,0,0.10951969772577286,0.993976891040802,0.003892024978995323,0,-0.00034400360891595483,-0.003878024872392416,0.9999920129776001,0,0,0.03684400022029877,0,1,0.4251790940761566,0.09661214053630829,0.8999379277229309,0,0.007688578218221664,0.9938660264015198,-0.11032795161008835,0,-0.9050769209861755,0.05382761359214783,0.42182812094688416,0,0,0.043657999485731125,0,1,0.5375262498855591,-0.8250417709350586,-0.17427322268486023,0,0.6746315360069275,0.2967677116394043,0.6758700013160706,0,-0.5059028267860413,-0.4808688461780548,0.7161197662353516,0,0.011006000451743603,0.008039000444114208,0,1,0.8265921473503113,0.547660768032074,0.12966705858707428,0,-0.5614487528800964,0.8183861970901489,0.12255384027957916,0,-0.03900018706917763,-0.17410290241241455,0.9839550256729126,0,0.0012179999612271786,0.010835000313818455,0,1,0.497522234916687,0.8651351928710938,-0.0633479580283165,0,-0.8637011647224426,0.500832200050354,0.056455813348293304,0,0.0805678516626358,0.02662595734000206,0.9963930249214172,0,-0.0002730000123847276,0.011909999884665012,0,1,0.9821250438690186,-0.12451190501451492,-0.14116361737251282,0,0.1808687001466751,0.41658684611320496,0.890921950340271,0,-0.05212376266717911,-0.9005288481712341,0.43166083097457886,0,0,0.01689399965107441,0.00016700000560376793,1,0.9922249913215637,-0.1107398122549057,-0.05680480971932411,0,0.10975381731987,0.5633172988891602,0.8189189434051514,0,-0.058687806129455566,-0.8187859058380127,0.5710912942886353,0,-0.00018400000408291817,0.017652999609708786,0,1,0.9892740845680237,-0.13488580286502838,-0.05606380105018616,0,0.12968182563781738,0.6343512535095215,0.762089729309082,0,-0.06723078340291977,-0.7611857652664185,0.6450392603874207,0,0.00015999999595806003,0.014392999932169914,0,1,-0.9412339925765991,0.07983296364545822,0.32818603515625,0,0.3244040012359619,0.4841790795326233,0.8126079440116882,0,-0.09402807801961899,0.8713189363479614,-0.4816240668296814,0,0.022918999195098877,-0.011362999677658081,-0.00045399999362416565,1,0.9903979897499084,-0.0938800722360611,0.10147994756698608,0,0.08769094944000244,-0.1408599317073822,-0.9861379861831665,0,0.10687305778265,0.9855679869651794,-0.13127492368221283,0,0,0.060447998344898224,0,1,0.9826670289039612,0.12863899767398834,0.13348104059696198,0,-0.1607290357351303,0.23245497047901154,0.9592350125312805,0,0.09236699342727661,-0.9640629887580872,0.24910196661949158,0,0,0.051343999803066254,0,1,0.9956759810447693,0.000012000000424450263,0.09289699792861938,0,-0.056887999176979065,0.7906500101089478,0.6096199750900269,0,-0.0734419971704483,-0.6122679710388184,0.787231981754303,0,0,0.04061900079250336,0,1,-0.9390220642089844,-0.19701296091079712,-0.2818199098110199,0,-0.3416978716850281,0.4429548978805542,0.8288750648498535,0,-0.03846604749560356,0.8746300339698792,-0.48326289653778076,0,-0.022918999195098877,-0.011362999677658081,-0.0005750000127591193,1,0.9848080277442932,0.13330784440040588,-0.11127398908138275,0,-0.09325502812862396,-0.13453786075115204,-0.9865109920501709,0,-0.14648084342479706,0.9819000363349915,-0.12006188184022903,0,0,0.060412000864744186,0,1,0.9641400575637817,-0.19929881393909454,-0.17525197565555573,0,0.21664293110370636,0.2096039205789566,0.953484058380127,0,-0.15329484641551971,-0.9572600722312927,0.24526488780975342,0,0,0.05142899975180626,0,1,0.9955160021781921,0.000007000020104896976,-0.094589002430439,0,0.05632999911904335,0.8032910227775574,0.5929170250892639,0,0.07598699629306793,-0.5955870151519775,0.799688994884491,0,0,0.04060500115156174,0,1
K0.067,0.9987099766731262,-0.037467870861291885,-0.03427191451191902,0,0.05063484609127045,0.6842930912971497,0.7274468541145325,0,-0.0038039586506783962,-0.728243887424469,0.6853071451187134,0,0.00044499977957457304,0.09633699059486389,0.010880992747843266,1,0.9984850287437439,0.042098987847566605,-0.03542298451066017,0,-0.02730298973619938,0.9380989670753479,0.34528911113739014,0,0.04776598885655403,-0.3437991142272949,0.9378279447555542,0,0,0.020509999245405197,-0.00043200000072829425,1,0.999862015247345,0.01460498757660389,0.007970059290528297,0,-0.015486996620893478,0.9920210242271423,0.1251150667667389,0,-0.006079060025513172,-0.12522105872631073,0.992110013961792,0,0,0.023933999240398407,0,1,0.9998199939727783,0.016103992238640785,-0.010064990259706974,0,-0.014720992185175419,0.9920529723167419,0.12496005743741989,0,0.011997990310192108,-0.12478905916213989,0.9921110272407532,0,0,0.02735299989581108,0,1,0.999098002910614,-0.04143226519227028,0.009315206669270992,0,0.03998932987451553,0.8440690040588379,-0.534741997718811,0,0.014291967265307903,0.5346320271492004,0.8449640274047852,0,0,0.030772000551223755,0,1,0.9987779855728149,0.012508218176662922,0.04780302196741104,0,0.021264858543872833,0.7644459009170532,-0.6443371176719666,0,-0.044602155685424805,0.6445671319961548,0.7632458806037903,0,0,0.024759000167250633,-0.0009560000034980476,1,0.29366105794906616,-0.0017640120349824429,-0.9559080004692078,0,0.8151010274887085,-0.5219429135322571,0.25136706233024597,0,-0.4993729293346405,-0.8529790639877319,-0.15183599293231964,0,0.013224000111222267,0.026069000363349915,-0.000048999998398358,1,0.21918196976184845,0.9717600345611572,-0.08741345256567001,0,-0.9751989841461182,0.22101697325706482,0.01177197601646185,0,0.030758854001760483,0.08266548067331314,0.9961020350456238,0,0,0.028049999848008156,0,1,0.9987390041351318,0.050196994096040726,-0.0011899999808520079,0,-0.05019599199295044,0.9987390041351318,0.0010049997363239527,0,0.0012390000047162175,-0.0009439998539164662,0.9999989867210388,0,0,0.03681600093841553,0,1,0.8641425371170044,-0.03442410007119179,-0.5020687580108643,0,-0.04797827824950218,0.9874779582023621,-0.1502833217382431,0,0.5009557008743286,0.1539543867111206,0.8516694903373718,0,0,0.04372299835085869,0,1,0.48298379778862,0.8356700539588928,-0.26149821281433105,0,-0.6810384392738342,0.5462178587913513,0.48767977952957153,0,0.5503747463226318,-0.05745125189423561,0.8329384326934814,0,-0.010954000055789948,0.008438999764621258,0,1,0.847977876663208,-0.5258980989456177,0.06606116145849228,0,0.4835749864578247,0.8186488747596741,0.3097882866859436,0,-0.21699832379817963,-0.23074814677238464,0.9485079050064087,0,-0.0017300000181421638,0.010925999842584133,0,1,0.897497832775116,-0.4380433261394501,-0.051147088408470154,0,0.43477028608322144,0.8982638120651245,-0.0640072450041771,0,0.07398121058940887,0.03520914912223816,0.9966380000114441,0,0.00040600000647827983,0.011969000101089478,0,1,0.9958279728889465,0.072469063103199,0.05545511469244957,0,-0.09087110310792923,0.7320181131362915,0.6751978397369385,0,0.008337082341313362,-0.677419900894165,0.7355490922927856,0,0,0.014949999749660492,0.00010699999984353781,1,0.9958900213241577,0.07952916622161865,0.04333922266960144,0,-0.0818861722946167,0.586144208908081,0.8060579895973206,0,0.03870221599936485,-0.8062940239906311,0.5902472138404846,0,0.0003659999929368496,0.01895900070667267,0,1,0.996819019317627,0.07807816565036774,0.015990104526281357,0,-0.0745871439576149,0.843235194683075,0.5323441028594971,0,0.028081128373742104,-0.5318441390991211,0.8463771939277649,0,-0.00022899999748915434,0.014944000169634819,0,1,0.3139619529247284,0.013962985947728157,0.9493330121040344,0,-0.7181990742683411,-0.6504899263381958,0.2470889538526535,0,0.6209819912910461,-0.7593870759010315,-0.19419994950294495,0,-0.013224000111222267,0.02607100084424019,-0.00014899999951012433,1,0.282042533159256,-0.9260151386260986,-0.2508929967880249,0,0.9494761228561401,0.3069305121898651,-0.06548505276441574,0,0.13764694333076477,-0.21974804997444153,0.9657970070838928,0,0,0.028049999848008156,0,1,0.9837551116943359,-0.1795153021812439,-0.00044699638965539634,0,0.1795143038034439,0.9837351441383362,0.006380975246429443,0,-0.0007059964118525386,-0.00635697552934289,0.9999799728393555,0,0,0.03684400022029877,0,1,0.43265894055366516,0.11042886227369308,0.8947690725326538,0,-0.0344935804605484,0.9937710165977478,-0.10596904158592224,0,-0.9008980393409729,0.014984386041760445,0.43377289175987244,0,0,0.043657999485731125,0,1,0.5610717535018921,-0.8040531873703003,-0.19671277701854706,0,0.7303374409675598,0.3689952790737152,0.5748479962348938,0,-0.38962215185165405,-0.4661971628665924,0.7942632436752319,0,0.011006000451743603,0.008039000444114208,0,1,0.8404958844184875,0.5244642496109009,0.1360299438238144,0,-0.5387532114982605,0.8356408476829529,0.10700615495443344,0,-0.0575508177280426,-0.16322410106658936,0.9849089980125427,0,0.0012179999612271786,0.010835000313818455,0,1,0.6192228198051453,0.7830298542976379,-0.05853604897856712,0,-0.782433807849884,0.6215817928314209,0.03785618767142296,0,0.06602714210748672,0.02235904335975647,0.9975669980049133,0,-0.0002730000123847276,0.011909999884665012,0,1,0.9880569577217102,-0.1149250939488411,-0.10264337807893753,0,0.15146729350090027,0.6020341515541077,0.7839720845222473,0,-0.028304236009716988,-0.7901560664176941,0.6122512221336365,0,0,0.01689399965107441,0.00016700000560376793,1,0.9950309991836548,-0.09211218357086182,-0.03780319169163704,0,0.09144417941570282,0.6952046751976013,0.7129710912704468,0,-0.03939218819141388,-0.7128850817680359,0.7001736760139465,0,-0.00018400000408291817,0.017652999609708786,0,1,0.9926659464836121,-0.11528319120407104,-0.03639519214630127,0,0.11184217780828476,0.7614667415618896,0.6384822726249695,0,-0.04589221253991127,-0.6378692388534546,0.7687757611274719,0,0.00015999999595806003,0.014392999932169914,0,1,-0.9406999945640564,0.07615803927183151,0.3305799663066864,0,0.323760986328125,0.49254292249679565,0.8078240752220154,0,-0.10130292177200317,0.8669490814208984,-0.48799294233322144,0,0.022918999195098877,-0.011362999677658081,-0.00045399999362416565,1,0.9901689887046814,-0.10152292251586914,0.09622105211019516,0,0.08222005516290665,-0.13407307863235474,-0.9875550270080566,0,0.11315993964672089,0.9857569932937622,-0.1244080662727356,0,0,0.060447998344898224,0,1,0.9822139739990234,0.1280909925699234,0.13729295134544373,0,-0.16397997736930847,0.22895602881908417,0.959526002407074,0,0.09147300571203232,-0.964972972869873,0.24588802456855774,0,0,0.051343999803066254,0,1,0.9956769943237305,0.000012000000424450263,0.09288399666547775,0,-0.056873999536037445,0.7907000184059143,0.6095569729804993,0,-0.07343599945306778,-0.6122040152549744,0.7872819900512695,0,0,0.04061900079250336,0,1,-0.9427769184112549,-0.19287104904651642,-0.27197808027267456,0,-0.3306221067905426,0.43525010347366333,0.8374039530754089,0,-0.043131954967975616,0.8794079422950745,-0.47411108016967773,0,-0.022918999195098877,-0.011362999677658081,-0.0005750000127591193,1,0.986814022064209,0.11798814684152603,-0.1108040064573288,0,-0.09646596759557724,-0.12099013477563858,-0.9879549741744995,0,-0.1299731582403183,0.98561692237854,-0.10801311582326889,0,0,0.060412000864744186,0,1,0.968070924282074,-0.1818731725215912,-0.172512024641037,0,0.20852307975292206,0.20231206715106964,0.9568629264831543,0,-0.13912613689899445,-0.9622849225997925,0.23377712070941925,0,0,0.05142899975180626,0,1,0.9955049753189087,0.000008999980309454259,-0.09470900148153305,0,0.05645500123500824,0.8028630018234253,0.5934849977493286,0,0.076044000685215,-0.5961639881134033,0.799252986907959,0,0,0.04060500115156174,0,1
