10.367,30,311,41
B0,mixamorig_Hips,-1,0.9954819083213806,-0.0120400944724679,-0.09418609738349915,0,0.00981852039694786,0.9996632933616638,-0.024016544222831726,0,0.09444311261177063,0.022983156144618988,0.9952644109725952,0,-0.005727964453399181,0.14860689640045166,-0.00032692705281078815,1
B1,mixamorig_Spine,0,0.9999929070472717,0.0026986771263182163,0.002540106186643243,0,-0.0026853042654693127,0.9999816417694092,-0.005485398229211569,0,-0.0025552925653755665,0.005478305276483297,0.9999816417694092,0,0,0.0196749996393919,-0.00042299999040551484,1
B2,mixamorig_Spine1,1,0.9992493987083435,0.006568179000169039,0.038180455565452576,0,-0.007255851291120052,0.9998131394386292,0.01789412647485733,0,-0.038055360317230225,-0.018157802522182465,0.999110996723175,0,0,0.022958999499678612,0,1
B3,mixamorig_Spine2,2,0.9992523789405823,0.00738015491515398,0.03795043006539345,0,-0.008051733486354351,0.9998131394386292,0.017573194578289986,0,-0.03781433776021004,-0.017865778878331184,0.9991251230239868,0,0,0.026239000260829926,0,1
B4,mixamorig_Neck,3,0.9998456239700317,-0.0024953223764896393,-0.01738269254565239,0,0.0034974641166627407,0.9983201026916504,0.05783998966217041,0,0.0172098521143198,-0.057891760021448135,0.9981743097305298,0,0,0.02951899915933609,0,1
B5,mixamorig_Head,4,0.9957482218742371,0.08303069323301315,0.03988473862409592,0,-0.08941320329904556,0.9753257632255554,0.20185501873493195,0,-0.022139528766274452,-0.2045629769563675,0.9786025881767273,0,0,0.03175999969244003,-0.001259000040590763,1
B6,mixamorig_HeadTop_End,5,1,0,0,0,0,1,0,0,0,0,1,0,0,0.168272003531456,-0.006670000031590462,1
B7,mixamorig_LeftShoulder,3,-0.08843740820884705,-0.003459404921159148,-0.9960756897926331,0,0.9458829760551453,-0.3137415647506714,-0.08289173245429993,0,-0.3122233748435974,-0.9495025873184204,0.031018102541565895,0,0.013248000293970108,0.024746999144554138,-0.00010599999950500205,1
B8,mixamorig_LeftArm,7,0.938690185546875,0.28199905157089233,-0.19832709431648254,0,-0.005590047221630812,0.5876391530036926,0.8091029524803162,0,0.34471142292022705,-0.7583878040313721,0.5531895756721497,0,0,0.02818400040268898,0,1
B9,mixamorig_LeftForeArm,8,0.8653308153152466,0.5011839270591736,0.00416970020160079,0,-0.5011798143386841,0.8651857972145081,0.01647656224668026,0,0.0046497005969285965,-0.01634756289422512,0.9998558759689331,0,0,0.04408000037074089,0,1
B10,mixamorig_LeftHand,9,0.8985018134117126,-0.16095659136772156,-0.40839359164237976,0,0.24150988459587097,0.9581462144851685,0.1537180244922638,0,0.3665585219860077,-0.23674774169921875,0.8997686505317688,0,0,0.04049000144004822,0,1
B11,mixamorig_LeftHandThumb1,10,0.9902777671813965,0.1089513897895813,-0.08647951483726501,0,-0.08122646063566208,0.9576225876808167,0.2763349711894989,0,0.11292244493961334,-0.2666243612766266,0.9571625590324402,0,-0.011188999749720097,0.0069229998625814915,0,1
B12,mixamorig_LeftHandThumb2,11,0.9952449202537537,0.0970313772559166,0.008440295234322548,0,-0.0973948985338211,0.9908215999603271,0.09373737126588821,0,0.0007324368925765157,-0.09411368519067764,0.995560348033905,0,-0.002584999892860651,0.010204000398516655,0,1
B13,mixamorig_LeftHandThumb3,12,0.9957027435302734,0.09241336584091187,0.005970927886664867,0,-0.09205236285924911,0.9947338104248047,-0.04507023096084595,0,-0.010105405002832413,0.04432757943868637,0.998965859413147,0,0.0009289999725297093,0.011548999696969986,0,1
B14,mixamorig_LeftHandThumb4,13,1,0,0,0,0,1,0,0,0,0,1,0,0.0016550000291317701,0.008231000043451786,0,1
B15,mixamorig_LeftHandIndex1,10,0.9947359561920166,0.09869124740362167,0.027579577639698982,0,-0.10223587602376938,0.937547504901886,0.33249446749687195,0,0.006957024335861206,-0.33356407284736633,0.9427016973495483,0,0,0.010764000006020069,0.0001250000059371814,1
B16,mixamorig_LeftHandIndex2,15,0.9995037317276001,0.030109021812677383,0.009227128699421883,0,-0.0301959291100502,0.8331723213195801,0.5521878600120544,0,0.008938315324485302,-0.5521928668022156,0.8336686491966248,0,0.0003969999961555004,0.01895200088620186,0,1
B17,mixamorig_LeftHandIndex3,16,0.9994467496871948,0.03324748948216438,0.0000037651245747838402,0,-0.032748326659202576,0.9844089150428772,0.17281825840473175,0,0.005741829518228769,-0.17272335290908813,0.9849531650543213,0,-0.00025099999038502574,0.014946999959647655,0,1
B18,mixamorig_LeftHandIndex4,17,1,0,0,0,0,1,0,0,0,0,1,0,-0.00014600000577047467,0.011982000432908535,0,1
B19,mixamorig_RightShoulder,3,0.0835518166422844,-0.02988033927977085,0.996055006980896,0,-0.9526998996734619,-0.2954881191253662,0.07105046510696411,0,0.29219889640808105,-0.954879105091095,-0.05315615236759186,0,-0.013248000293970108,0.024746999144554138,-0.00009899999713525176,1
B20,mixamorig_RightArm,19,0.9468820095062256,-0.29559922218322754,0.1266292929649353,0,0.07308203727006912,0.5812707543373108,0.8104207515716553,0,-0.3131650686264038,-0.7581188678741455,0.5719984173774719,0,0,0.02818400040268898,0,1
B21,mixamorig_RightForeArm,20,0.8821473717689514,-0.47096768021583557,-0.0024270243011415005,0,0.4709526598453522,0.8820483684539795,0.013940049335360527,0,-0.00442502461373806,-0.013439956121146679,0.9998999834060669,0,0,0.04406600072979927,0,1
B22,mixamorig_RightHand,21,0.9465009570121765,0.23649883270263672,0.21955551207065582,0,-0.2359136939048767,0.9713330864906311,-0.029272140935063362,0,-0.22018469870090485,-0.024090148508548737,0.9751603007316589,0,0,0.04056600108742714,0,1
B23,mixamorig_RightHandThumb1,22,0.9589793086051941,-0.1119491383433342,0.2604336142539978,0,0.024406256154179573,0.9479120969772339,0.3175966143608093,0,-0.2824224531650543,-0.29821258783340454,0.9117599725723267,0,0.011164999566972256,0.0057069999165833,0,1
B24,mixamorig_RightHandThumb2,23,0.9836592078208923,-0.1682896912097931,0.06398366391658783,0,0.16330917179584503,0.983609676361084,0.07642927765846252,0,-0.0757971778512001,-0.0647314190864563,0.9950194954872131,0,0.0019809999503195286,0.009832999669015408,0,1
B25,mixamorig_RightHandThumb3,24,0.9967837929725647,-0.07875872403383255,-0.014784542843699455,0,0.07764200121164322,0.9948585033416748,-0.06503069400787354,0,0.01983039639890194,0.06367343664169312,0.9977737665176392,0,-0.0006939999875612557,0.011506999842822552,0,1
B26,mixamorig_RightHandThumb4,25,1,0,0,0,0,1,0,0,0,0,1,0,-0.0012860000133514404,0.008825999684631824,0,1
B27,mixamorig_RightHandIndex1,22,0.99912428855896,0.04079896956682205,0.009310133755207062,0,-0.04183829575777054,0.9787339568138123,0.2008209377527237,0,-0.0009187408140860498,-0.20103386044502258,0.9795836806297302,0,0,0.013063999824225903,0.00017100000695791095,1
B28,mixamorig_RightHandIndex2,27,0.9982937574386597,-0.054875921458005905,-0.019978458061814308,0,0.0556197352707386,0.7891302704811096,0.6117022633552551,0,-0.01780192367732525,-0.6117692589759827,0.7908355593681335,0,-0.00016999999934341758,0.01789500005543232,0,1
B29,mixamorig_RightHandIndex3,28,0.9997818470001221,-0.02088761515915394,-0.0004812105617020279,0,0.020591335371136665,0.9811843037605286,0.19197401404380798,0,-0.0035377005115151405,-0.19194193184375763,0.9813995957374573,0,0.00009300000237999484,0.014088000170886517,0,1
B30,mixamorig_RightHandIndex4,29,1,0,0,0,0,1,0,0,0,0,1,0,0.00007699999696342275,0.011260000057518482,0,1
B31,mixamorig_LeftUpLeg,0,-0.996807873249054,-0.058011751621961594,0.05484793335199356,0,0.06697489321231842,-0.9815592169761658,0.17903868854045868,0,0.043450720608234406,0.18214011192321777,0.9823117852210999,0,0.02312999963760376,-0.01093399990350008,-0.00048099999548867345,1
B32,mixamorig_LeftLeg,31,0.9898566007614136,0.11815722286701202,0.0788886621594429,0,-0.06676539033651352,0.8770031929016113,-0.47582006454467773,0,-0.1254071444272995,0.46572595834732056,0.8759958744049072,0,0,0.06177600100636482,0,1
B33,mixamorig_LeftFoot,32,0.9940409660339355,0.0073012374341487885,0.10875308513641357,0,-0.10368635505437851,0.3710038661956787,0.9228235483169556,0,-0.033608753234148026,-0.9286020398139954,0.36955100297927856,0,0,0.054933998733758926,0,1
B34,mixamorig_LeftToeBase,33,0.9962407946586609,0.000009000000318337698,0.0866294875741005,0,-0.05163048952817917,0.8030515313148499,0.5936692953109741,0,-0.06956274807453156,-0.5959103107452393,0.800032377243042,0,0,0.04061900079250336,0,1
B35,mixamorig_LeftToe_End,34,1,0,0,0,0,1,0,0,0,0,1,0,0,0.016471000388264656,0,1
B36,mixamorig_RightUpLeg,0,-0.9716391563415527,0.012136820703744888,-0.2361573427915573,0,-0.04930972680449486,-0.9871272444725037,0.15214648842811584,0,-0.2312704473733902,0.15947647392749786,0.9597292542457581,0,-0.02312999963760376,-0.01093399990350008,-0.0005450000171549618,1
B37,mixamorig_RightLeg,36,0.9911972284317017,-0.11114738881587982,-0.07192964851856232,0,0.06416742503643036,0.8785489797592163,-0.47332170605659485,0,0.11580251902341843,0.46453967690467834,0.877947986125946,0,0,0.06176700070500374,0,1
B38,mixamorig_RightFoot,37,0.9717103838920593,-0.019415292888879776,-0.2353745698928833,0,0.22604204714298248,0.3652311861515045,0.9030559062957764,0,0.06843296438455582,-0.9307143092155457,0.3592885434627533,0,0,0.054972000420093536,0,1
B39,mixamorig_RightToeBase,38,0.99537193775177,0.004444983787834644,-0.09599163383245468,0,0.052957795560359955,0.8081756830215454,0.5865559577941895,0,0.08018501847982407,-0.5889252424240112,0.8042000532150269,0,0,0.04060500115156174,0,1
B40,mixamorig_RightToe_End,39,1,0,0,0,0,1,0,0,0,0,1,0,0,0.016150999814271927,0,1
@34,0,1,2,3,4,5,7,8,9,10,11,12,13,15,16,17,19,20,21,22,23,24,25,27,28,29,31,32,33,34,36,37,38,39
K0.000,0.9995660185813904,-0.018748000264167786,0.0227269995957613,0,0.01986199989914894,0.9985610246658325,-0.04981699958443642,0,-0.02175999991595745,0.05024600028991699,0.9984999895095825,0,-0.00026699999580159783,0.1484230011701584,0.000775999971665442,1,0.9999939799308777,-0.000012000000424450263,0.0033939999993890524,0,0.000012999999853491317,1,-0.0002690000110305846,0,-0.0033939999993890524,0.0002690000110305846,0.9999939799308777,0,0,0.0196749996393919,-0.00042299999040551484,1,0.9990130066871643,0.0007869999972172081,0.044422999024391174,0,-0.0018980000168085098,0.9996860027313232,0.024978000670671463,0,-0.04438899829983711,-0.02503800019621849,0.9987000226974487,0,0,0.022958999499678612,0,1,0.9990140199661255,0.0017920000245794654,0.04436299949884415,0,-0.002896999940276146,0.9996870160102844,0.02485400065779686,0,-0.04430399835109711,-0.02495799958705902,0.9987059831619263,0,0,0.026239000260829926,0,1,0.999675989151001,-0.016517000272870064,-0.019355999305844307,0,0.01699800044298172,0.9995430111885071,0.024977000430226326,0,0.01893400028347969,-0.025297999382019043,0.9995009899139404,0,0,0.02951899915933609,0,1,0.997855007648468,0.06369200348854065,0.015138999558985233,0,-0.06495899707078934,0.9920129776000977,0.10812299698591232,0,-0.008131000213325024,-0.10887400060892105,0.994022011756897,0,0,0.03175999969244003,-0.001259000040590763,1,-0.08207099884748459,-0.0013559999642893672,-0.9966260194778442,0,0.9398109912872314,-0.33292001485824585,-0.07693900167942047,0,-0.33169201016426086,-0.9429540038108826,0.028596999123692513,0,0.013248000293970108,0.024746999144554138,-0.00010599999950500205,1,0.922311007976532,0.33672600984573364,-0.18962599337100983,0,-0.04795200005173683,0.5866169929504395,0.808443009853363,0,0.38346201181411743,-0.7365429997444153,0.5571900010108948,0,0,0.02818400040268898,0,1,0.8734679818153381,0.4868659973144531,0.0039029999170452356,0,-0.4868620038032532,0.8733329772949219,0.016006000339984894,0,0.004383999854326248,-0.015881000086665154,0.9998639822006226,0,0,0.04408000037074089,0,1,0.9039660096168518,-0.17324499785900116,-0.3909359872341156,0,0.25277599692344666,0.9539049863815308,0.16176900267601013,0,0.3448910117149353,-0.2450529932975769,0.9060900211334229,0,0,0.04049000144004822,0,1,0.9899899959564209,0.1128700003027916,-0.08473599702119827,0,-0.0850439965724945,0.9561989903450012,0.2800920009613037,0,0.11263799667358398,-0.2700819969177246,0.9562259912490845,0,-0.011188999749720097,0.0069229998625814915,0,1,0.9954509735107422,0.09504300355911255,0.006577000021934509,0,-0.09523899853229523,0.9909949898719788,0.09412100166082382,0,0.002428000094369054,-0.09431900084018707,0.9955390095710754,0,-0.002584999892860651,0.010204000398516655,0,1,0.9954249858856201,0.0954279974102974,0.004674999974668026,0,-0.09508399665355682,0.9942499995231628,-0.049247998744249344,0,-0.009347000159323215,0.04857899993658066,0.9987760186195374,0,0.0009289999725297093,0.011548999696969986,0,1,0.99481600522995,0.09792900085449219,0.027394000440835953,0,-0.10144100338220596,0.9368929862976074,0.3345760107040405,0,0.007098999805748463,-0.3356209993362427,0.9419699907302856,0,0,0.010764000006020069,0.0001250000059371814,1,0.9994199872016907,0.03244199976325035,0.010305999778211117,0,-0.032538000494241714,0.8215259909629822,0.5692430138587952,0,0.010001000016927719,-0.5692480206489563,0.8221049904823303,0,0.0003969999961555004,0.01895200088620186,0,1,0.9993370175361633,0.03639800101518631,0.0003809999907389283,0,-0.035753000527620316,0.9795420169830322,0.19803699851036072,0,0.0068350001238286495,-0.19791999459266663,0.9801939725875854,0,-0.00025099999038502574,0.014946999959647655,0,1,0.09756000339984894,-0.03103099949657917,0.9947460293769836,0,-0.9514750242233276,-0.29601600766181946,0.08408199995756149,0,0.2918510138988495,-0.954679012298584,-0.058403998613357544,0,-0.013248000293970108,0.024746999144554138,-0.00009899999713525176,1,0.9260159730911255,-0.3577539920806885,0.12043999880552292,0,0.1088780015707016,0.558633029460907,0.822238028049469,0,-0.3614409863948822,-0.7482920289039612,0.5562549829483032,0,0,0.02818400040268898,0,1,0.8893899917602539,-0.45714300870895386,-0.0022120000794529915,0,0.45712900161743164,0.8892970085144043,0.013531000353395939,0,-0.004217999987304211,-0.013044999912381172,0.9999060034751892,0,0,0.04406600072979927,0,1,0.9516689777374268,0.23947499692440033,0.19229799509048462,0,-0.2415200024843216,0.9703069925308228,-0.013092000037431717,0,-0.18972299993038177,-0.03398500010371208,0.9812489748001099,0,0,0.04056600108742714,0,1,0.9607759714126587,-0.11498600244522095,0.252362996339798,0,0.02994599938392639,0.9476869702339172,0.31779199838638306,0,-0.2757030129432678,-0.2977699935436249,0.9139590263366699,0,0.011164999566972256,0.0057069999165833,0,1,0.983601987361908,-0.1648930013179779,0.07305599749088287,0,0.15903200209140778,0.9840360283851624,0.07989200204610825,0,-0.08506300300359726,-0.06696400046348572,0.9941229820251465,0,0.0019809999503195286,0.009832999669015408,0,1,0.9972090125083923,-0.07303299754858017,-0.015482000075280666,0,0.07193499803543091,0.9954530000686646,-0.062435999512672424,0,0.019971000030636787,0.06114799901843071,0.9979289770126343,0,-0.0006939999875612557,0.011506999842822552,0,1,0.9991440176963806,0.040070001035928726,0.01030499953776598,0,-0.04135499894618988,0.9747909903526306,0.21925300359725952,0,-0.0012600000482052565,-0.21949100494384766,0.9756140112876892,0,0,0.013063999824225903,0.00017100000695791095,1,0.9982389807701111,-0.055654000490903854,-0.020514000207185745,0,0.05641699954867363,0.7841140031814575,0.6180469989776611,0,-0.018310999497771263,-0.618116021156311,0.7858740091323853,0,-0.00016999999934341758,0.01789500005543232,0,1,0.9998090267181396,-0.019564000889658928,-0.0003319999959785491,0,0.019301999360322952,0.9833250045776367,0.1808280050754547,0,-0.0032110000029206276,-0.18080000579357147,0.9835150241851807,0,0.00009300000237999484,0.014088000170886517,0,1,-0.997298002243042,-0.02718299999833107,0.06824299693107605,0,0.03508799895644188,-0.9924589991569519,0.11744999885559082,0,0.06453599780797958,0.11952699720859528,0.9907310009002686,0,0.02312999963760376,-0.01093399990350008,-0.00048099999548867345,1,0.9844909906387329,0.12544600665569305,0.12263700366020203,0,-0.04912500083446503,0.8682190179824829,-0.49374398589134216,0,-0.16841399669647217,0.48006200790405273,0.860916018486023,0,0,0.06177600100636482,0,1,0.9847880005836487,0.010526999831199646,0.173443004488945,0,-0.16756300628185272,0.32176101207733154,0.931876003742218,0,-0.045997001230716705,-0.9467620253562927,0.31863099336624146,0,0,0.054933998733758926,0,1,0.9962310194969177,0.000009999999747378752,0.0867369994521141,0,-0.051739998161792755,0.8026679754257202,0.5941770076751709,0,-0.06961499899625778,-0.5964260101318359,0.7996439933776855,0,0,0.04061900079250336,0,1,-0.9774559736251831,0.05712499842047691,-0.20326299965381622,0,-0.08184599876403809,-0.9899449944496155,0.11536800116300583,0,-0.1946289986371994,0.1294029951095581,0.9723039865493774,0,-0.02312999963760376,-0.01093399990350008,-0.0005450000171549618,1,0.9936209917068481,-0.10346300154924393,-0.04487200081348419,0,0.07521200180053711,0.904433012008667,-0.4199329912662506,0,0.08403100073337555,0.41387900710105896,0.9064450263977051,0,0,0.06176700070500374,0,1,0.9856489896774292,0.026477999985218048,-0.16671599447727203,0,0.1405850052833557,0.41792699694633484,0.8975369930267334,0,0.09344000369310379,-0.9080950021743774,0.4082069993019104,0,0,0.054972000420093536,0,1,0.9958800077438354,0,-0.0906819999217987,0,0.05375999957323074,0.8053159713745117,0.5904030203819275,0,0.07302799820899963,-0.5928450226783752,0.8019989728927612,0,0,0.04060500115156174,0,1
K0.033,0.9995219707489014,-0.020172009244561195,0.02341100201010704,0,0.021327009424567223,0.9985120296478271,-0.050195008516311646,0,-0.022364001721143723,0.05067000910639763,0.9984650015830994,0,0.000011002471183019225,0.14837400615215302,0.0007240003324113786,1,0.9999949932098389,-0.0002630031667649746,0.003122997470200062,0,0.0002620031591504812,1,0.000198002700926736,0,-0.003122997470200062,-0.00019700269331224263,0.9999949932098389,0,0,0.0196749996393919,-0.00042299999040551484,1,0.9990329742431641,0.0005099959671497345,0.043971993029117584,0,-0.0016489960253238678,0.9996640086174011,0.025873005390167236,0,-0.043943993747234344,-0.02592000551521778,0.9986979961395264,0,0,0.022958999499678612,0,1,0.9990339875221252,0.0015309961745515466,0.04391499236226082,0,-0.0026639963034540415,0.9996650218963623,0.025759005919098854,0,-0.04386099427938461,-0.02585100568830967,0.9987030029296875,0,0,0.026239000260829926,0,1,0.9996970295906067,-0.01561499573290348,-0.019016997888684273,0,0.016098996624350548,0.9995430111885071,0.02556801587343216,0,0.018608998507261276,-0.025866016745567322,0.9994919896125793,0,0,0.02951899915933609,0,1,0.9978079795837402,0.06436600536108017,0.015350001864135265,0,-0.06565000861883163,0.9920070171356201,0.10775601118803024,0,-0.008291000500321388,-0.1085280179977417,0.9940590262413025,0,0,0.03175999969244003,-0.001259000040590763,1,-0.07997798919677734,-0.0012459997087717056,-0.9967960119247437,0,0.9404169917106628,-0.33164000511169434,-0.07503999024629593,0,-0.330484002828598,-0.9434049725532532,0.027695996686816216,0,0.013248000293970108,0.024746999144554138,-0.00010599999950500205,1,0.9222080111503601,0.3373419940471649,-0.1890300065279007,0,-0.048371996730566025,0.5856339931488037,0.8091310262680054,0,0.38365599513053894,-0.7370439767837524,0.5563939809799194,0,0,0.02818400040268898,0,1,0.8736870288848877,0.4864720106124878,0.0038960000965744257,0,-0.48646798729896545,0.8735520243644714,0.01599299907684326,0,0.004377000033855438,-0.01586800068616867,0.9998649954795837,0,0,0.04408000037074089,0,1,0.9036470055580139,-0.17310400307178497,-0.3917349874973297,0,0.2528400123119354,0.9538949728012085,0.16173000633716583,0,0.3456780016422272,-0.2451930046081543,0.9057520031929016,0,0,0.04049000144004822,0,1,0.9899920225143433,0.11282099783420563,-0.0847729966044426,0,-0.08494500070810318,0.9561049938201904,0.280443012714386,0,0.1126910001039505,-0.27043500542640686,0.9561200141906738,0,-0.011188999749720097,0.0069229998625814915,0,1,0.9954259991645813,0.09527300298213959,0.007037004455924034,0,-0.09551200270652771,0.9909769892692566,0.094029001891613,0,0.001984995324164629,-0.09427099674940109,0.9955450296401978,0,-0.002584999892860651,0.010204000398516655,0,1,0.995415985584259,0.09552700072526932,0.004683000035583973,0,-0.09518299996852875,0.9942420125007629,-0.04923100024461746,0,-0.009359000250697136,0.0485600009560585,0.9987760186195374,0,0.0009289999725297093,0.011548999696969986,0,1,0.99481201171875,0.09794600307941437,0.02748899906873703,0,-0.1014769971370697,0.9363549947738647,0.3360680043697357,0,0.007176999934017658,-0.33711400628089905,0.9414370059967041,0,0,0.010764000006020069,0.0001250000059371814,1,0.9994320273399353,0.03212999925017357,0.010157998651266098,0,-0.03222399950027466,0.8231109976768494,0.5669649839401245,0,0.009854999370872974,-0.5669710040092468,0.8236789703369141,0,0.0003969999961555004,0.01895200088620186,0,1,0.999343991279602,0.036215998232364655,0.0003579999029170722,0,-0.03558000177145004,0.9798409938812256,0.19658400118350983,0,0.006768999621272087,-0.19646799564361572,0.9804869890213013,0,-0.00025099999038502574,0.014946999959647655,0,1,0.1009720116853714,-0.031620003283023834,0.9943869709968567,0,-0.9505460262298584,-0.29813700914382935,0.087040014564991,0,0.29371100664138794,-0.9539989829063416,-0.06016000732779503,0,-0.013248000293970108,0.024746999144554138,-0.00009899999713525176,1,0.9256910085678101,-0.35840800404548645,0.12099600583314896,0,0.10931099951267242,0.559656023979187,0.8214840292930603,0,-0.36214300990104675,-0.7472140192985535,0.5572460293769836,0,0,0.02818400040268898,0,1,0.8889549970626831,-0.45798999071121216,-0.0022249999456107616,0,0.45797601342201233,0.8888610005378723,0.013554999604821205,0,-0.004230000078678131,-0.013069000095129013,0.9999060034751892,0,0,0.04406600072979927,0,1,0.9521769881248474,0.23894299566745758,0.19043394923210144,0,-0.240804985165596,0.9704779982566833,-0.013653998263180256,0,-0.1880749613046646,-0.03285599127411842,0.9816049933433533,0,0,0.04056600108742714,0,1,0.9608250260353088,-0.11424500495195389,0.2525140047073364,0,0.029579007998108864,0.9481559991836548,0.31642499566078186,0,-0.2755729854106903,-0.29655998945236206,0.9143909811973572,0,0.011164999566972256,0.0057069999165833,0,1,0.9835270047187805,-0.16559597849845886,0.07247500866651535,0,0.15978997945785522,0.9839270114898682,0.07971300929784775,0,-0.08451000601053238,-0.06681900471448898,0.9941800236701965,0,0.0019809999503195286,0.009832999669015408,0,1,0.9972079992294312,-0.07304499298334122,-0.015494001097977161,0,0.07194699347019196,0.9954550266265869,-0.062390998005867004,0,0.01998000033199787,0.061101995408535004,0.9979320168495178,0,-0.0006939999875612557,0.011506999842822552,0,1,0.9991649985313416,0.03954300656914711,0.010241003707051277,0,-0.040827006101608276,0.97461998462677,0.2201090306043625,0,-0.0012780006509274244,-0.22034403681755066,0.9754210114479065,0,0,0.013063999824225903,0.00017100000695791095,1,0.9982420206069946,-0.05562099814414978,-0.020490998402237892,0,0.05638299882411957,0.7843329906463623,0.6177729964256287,0,-0.018288997933268547,-0.6178420186042786,0.7860900163650513,0,-0.00016999999934341758,0.01789500005543232,0,1,0.999809980392456,-0.019466998055577278,-0.0003219997161068022,0,0.019206998869776726,0.983476996421814,0.18001297116279602,0,-0.0031879993621259928,-0.17998497188091278,0.9836639761924744,0,0.00009300000237999484,0.014088000170886517,0,1,-0.9972800016403198,-0.026615992188453674,0.06873699277639389,0,0.034766990691423416,-0.9921339750289917,0.12025900930166245,0,0.06499599665403366,0.12232100963592529,0.9903600215911865,0,0.02312999963760376,-0.01093399990350008,-0.00048099999548867345,1,0.9847049713134766,0.12508298456668854,0.12128399312496185,0,-0.04838798940181732,0.8650720119476318,-0.4993080198764801,0,-0.16737398505210876,0.4858030378818512,0.8578940033912659,0,0,0.06177600100636482,0,1,0.9843950271606445,0.012159026227891445,0.17555102705955505,0,-0.17025503516197205,0.3180159628391266,0.9326729774475098,0,-0.044487979263067245,-0.9480069875717163,0.315123975276947,0,0,0.054933998733758926,0,1,0.9962360262870789,0.000009000000318337698,0.0866829976439476,0,-0.05168500170111656,0.8028590083122253,0.5939239859580994,0,-0.06958899646997452,-0.5961689949035645,0.7998380064964294,0,0,0.04061900079250336,0,1,-0.9771339893341064,0.05770401284098625,-0.2046470046043396,0,-0.08262300491333008,-0.9898779988288879,0.11538897454738617,0,-0.195917010307312,0.12965898215770721,0.9720110297203064,0,-0.02312999963760376,-0.01093399990350008,-0.0005450000171549618,1,0.993507981300354,-0.10434800386428833,-0.04530500993132591,0,0.07589101046323776,0.9046409726142883,-0.41936296224594116,0,0.08474501222372055,0.4132019579410553,0.9066879749298096,0,0,0.06176700070500374,0,1,0.9861119985580444,0.028059016913175583,-0.16369396448135376,0,0.13702496886253357,0.4194910228252411,0.8973580002784729,0,0.09384700655937195,-0.9073259830474854,0.409820020198822,0,0,0.054972000420093536,0,1,0.9958800077438354,0,-0.0906819999217987,0,0.05375999957323074,0.8053159713745117,0.5904030203819275,0,0.07302799820899963,-0.5928450226783752,0.8019980192184448,0,0,0.04060500115156174,0,1
K0.067,0.9994980096817017,-0.021126991137862206,0.02360599860548973,0,0.02230698987841606,0.9984549880027771,-0.05088699236512184,0,-0.0224939975887537,0.05138799175620079,0.9984250068664551,0,0.00025799754075706005,0.14835700392723083,0.0007609996246173978,1,0.9999960064888,-0.0005799968494102359,0.0028610024601221085,0,0.0005789968417957425,1,0.00046799733536317945,0,-0.0028610024601221085,-0.0004659973201341927,0.9999960064888,0,0,0.0196749996393919,-0.00042299999040551484,1,0.9990599751472473,0.00010900398774538189,0.04335900768637657,0,-0.0012570038670673966,0.9996489882469177,0.026457995176315308,0,-0.043341007083654404,-0.026486994698643684,0.9987090229988098,0,0,0.022958999499678612,0,1,0.9990609884262085,0.0011440038215368986,0.043306007981300354,0,-0.0022870036773383617,0.9996500015258789,0.026358993723988533,0,-0.043260008096694946,-0.02643299475312233,0.998714029788971,0,0,0.026239000260829926,0,1,0.9997069835662842,-0.015139004215598106,-0.01888900250196457,0,0.015650004148483276,0.9995080232620239,0.027197983115911484,0,0.01846800185739994,-0.027485983446240425,0.9994519948959351,0,0,0.02951899915933609,0,1,0.997763991355896,0.06499699503183365,0.015561997890472412,0,-0.06630999594926834,0.9918249845504761,0.10902198404073715,0,-0.008348998613655567,-0.1098099872469902,0.9939180016517639,0,0,0.03175999969244003,-0.001259000040590763,1,-0.0791340097784996,-0.0012070003431290388,-0.9968630075454712,0,0.9406939744949341,-0.33102598786354065,-0.07427401095628738,0,-0.32989799976348877,-0.9436209797859192,0.027331003919243813,0,0.013248000293970108,0.024746999144554138,-0.00010599999950500205,1,0.9226610064506531,0.3362889885902405,-0.1886969953775406,0,-0.04802600294351578,0.5857470035552979,0.8090699911117554,0,0.3826090097427368,-0.737434983253479,0.5565969944000244,0,0,0.02818400040268898,0,1,0.873986005783081,0.4859359860420227,0.003886000020429492,0,-0.48593199253082275,0.8738510012626648,0.01597600057721138,0,0.0043680001981556416,-0.01585100032389164,0.9998649954795837,0,0,0.04408000037074089,0,1,0.9031999707221985,-0.17333699762821198,-0.39266398549079895,0,0.2531610131263733,0.9538940191268921,0.16123299300670624,0,0.34661200642585754,-0.24503299593925476,0.905439019203186,0,0,0.04049000144004822,0,1,0.9899920225143433,0.11278899759054184,-0.08481799811124802,0,-0.08485600352287292,0.9559980034828186,0.2808319926261902,0,0.11275999993085861,-0.27082398533821106,0.9560019969940186,0,-0.011188999749720097,0.0069229998625814915,0,1,0.9954000115394592,0.09551399946212769,0.007504995446652174,0,-0.09579599648714066,0.9909639954566956,0.09388399869203568,0,0.0015300045488402247,-0.09417200088500977,0.9955549836158752,0,-0.002584999892860651,0.010204000398516655,0,1,0.9953929781913757,0.09576799720525742,0.004676999989897013,0,-0.09542299807071686,0.9942169785499573,-0.049272000789642334,0,-0.009368999861180782,0.048597998917102814,0.998773992061615,0,0.0009289999725297093,0.011548999696969986,0,1,0.9948059916496277,0.09799200296401978,0.027529999613761902,0,-0.1015309989452362,0.9362120032310486,0.33645099401474,0,0.007195000071078539,-0.3374989926815033,0.9412990212440491,0,0,0.010764000006020069,0.0001250000059371814,1,0.9994360208511353,0.03201799839735031,0.01010500080883503,0,-0.0321119986474514,0.8236789703369141,0.5661460161209106,0,0.009803000837564468,-0.5661519765853882,0.8242430090904236,0,0.0003969999961555004,0.01895200088620186,0,1,0.9993469715118408,0.03614399954676628,0.0003480000887066126,0,-0.03551099821925163,0.979960024356842,0.1960040032863617,0,0.006744000595062971,-0.1958879977464676,0.9806029796600342,0,-0.00025099999038502574,0.014946999959647655,0,1,0.10269598662853241,-0.03195599466562271,0.9941989779472351,0,-0.9501330256462097,-0.29901400208473206,0.08853298425674438,0,0.2944500148296356,-0.9537140130996704,-0.06106999143958092,0,-0.013248000293970108,0.024746999144554138,-0.00009899999713525176,1,0.9253389835357666,-0.35910698771476746,0.12161698937416077,0,0.10904800146818161,0.5592949986457825,0.8217650055885315,0,-0.36312100291252136,-0.7471489906311035,0.5566970109939575,0,0,0.02818400040268898,0,1,0.8886610269546509,-0.4585590064525604,-0.002234000014141202,0,0.4585449993610382,0.8885679841041565,0.013573000207543373,0,-0.004238999914377928,-0.013086000457406044,0.999904990196228,0,0,0.04406600072979927,0,1,0.9531239867210388,0.23827800154685974,0.18649104237556458,0,-0.2400370091199875,0.9706709980964661,-0.013430002145469189,0,-0.1842210441827774,-0.0319640077650547,0.9823650121688843,0,0,0.04056600108742714,0,1,0.9609599709510803,-0.11501698940992355,0.25165000557899475,0,0.030394991859793663,0.9478830099105835,0.31716498732566833,0,-0.2750140130519867,-0.29713401198387146,0.914372980594635,0,0.011164999566972256,0.0057069999165833,0,1,0.9836300015449524,-0.1645520180463791,0.07345099002122879,0,0.1586250215768814,0.984063982963562,0.0803459957242012,0,-0.08550199121236801,-0.06737899035215378,0.9940569996833801,0,0.0019809999503195286,0.009832999669015408,0,1,0.9972490072250366,-0.07248000800609589,-0.01555199921131134,0,0.0713840052485466,0.9955090284347534,-0.06217200309038162,0,0.01998800039291382,0.06089100241661072,0.9979439973831177,0,-0.0006939999875612557,0.011506999842822552,0,1,0.999127984046936,0.04037599265575409,0.010652996599674225,0,-0.04173599183559418,0.9737669825553894,0.22368696331977844,0,-0.0013419993920251727,-0.22393697500228882,0.974602997303009,0,0,0.013063999824225903,0.00017100000695791095,1,0.9982540011405945,-0.05544700101017952,-0.020371001213788986,0,0.05620500072836876,0.7854580283164978,0.6163579821586609,0,-0.018175002187490463,-0.6164259910583496,0.7872030138969421,0,-0.00016999999934341758,0.01789500005543232,0,1,0.9998160004615784,-0.019200002774596214,-0.0002940002887044102,0,0.018947001546621323,0.9838910102844238,0.17776402831077576,0,-0.0031240007374435663,-0.1777370125055313,0.9840729832649231,0,0.00009300000237999484,0.014088000170886517,0,1,-0.9973250031471252,-0.02587500773370266,0.06836400181055069,0,0.0340300090610981,-0.9920740127563477,0.12095899134874344,0,0.06469199806451797,0.12296199053525925,0.9903010129928589,0,0.02312999963760376,-0.01093399990350008,-0.00048099999548867345,1,0.9849839806556702,0.1238730177283287,0.12026100605726242,0,-0.047174010425806046,0.8631629943847656,-0.502717912197113,0,-0.16607801616191864,0.4894959628582001,0.8560450077056885,0,0,0.06177600100636482,0,1,0.9838680028915405,0.014809973537921906,0.1782819628715515,0,-0.17382396757602692,0.31477004289627075,0.9331160187721252,0,-0.04229802265763283,-0.9490519762039185,0.3122670352458954,0,0,0.054933998733758926,0,1,0.9962350130081177,0.000009000000318337698,0.08669400215148926,0,-0.05169599875807762,0.8028219938278198,0.5939729809761047,0,-0.06959400326013565,-0.5962179899215698,0.7997999787330627,0,0,0.04061900079250336,0,1,-0.9769179821014404,0.0587649904191494,-0.20537200570106506,0,-0.08337299525737762,-0.9900569915771484,0.11330002546310425,0,-0.1966719925403595,0.12780801951885223,0.972104012966156,0,-0.02312999963760376,-0.01093399990350008,-0.0005450000171549618,1,0.9933459758758545,-0.1053289920091629,-0.04657099023461342,0,0.07647499442100525,0.9056429862976074,-0.41708803176879883,0,0.08610798418521881,0.41075101494789124,0.9076719880104065,0,0,0.06176700070500374,0,1,0.9864979982376099,0.02977898344397545,-0.1610410362482071,0,0.13372802734375,0.4211689829826355,0.8970699906349182,0,0.09453899413347244,-0.9064930081367493,0.4114999771118164,0,0,0.054972000420093536,0,1,0.9958800077438354,0,-0.0906819999217987,0,0.05376100167632103,0.8053159713745117,0.5904039740562439,0,0.07302799820899963,-0.5928459763526917,0.8019980192184448,0,0,0.04060500115156174,0,1
