1.033,30,30,41
B0,mixamorig_Hips,-1,0.9992856979370117,-0.02943316660821438,0.015743780881166458,0,0.028329191729426384,0.9974080920219421,0.06506630033254623,0,-0.017636466771364212,-0.06442666053771973,0.9976770281791687,0,0.0013810333330184221,0.14289237558841705,-0.00033971547964029014,1
B1,mixamorig_Spine,0,0.9975259304046631,0.05127084255218506,-0.04417780414223671,0,-0.048634812235832214,0.9968769550323486,0.060144681483507156,0,0.04704667627811432,-0.05768983066082001,0.9971439242362976,0,0,0.020509999245405197,-0.00043200000072829425,1
B2,mixamorig_Spine1,1,0.9996696710586548,-0.023650268092751503,0.005213579628616571,0,0.02345890924334526,0.9991089105606079,0.03452989459037781,0,-0.006028797943145037,-0.034434035420417786,0.9993710517883301,0,0,0.023933999240398407,0,1
B3,mixamorig_Spine2,2,0.9996906518936157,-0.02271750010550022,0.005320510361343622,0,0.02252674289047718,0.9991609454154968,0.03361034765839577,0,-0.006081416737288237,-0.033518094569444656,0.9994025826454163,0,0,0.02735299989581108,0,1
B4,mixamorig_Neck,3,0.9997957944869995,0.010506933555006981,-0.01592070981860161,0,-0.010341575369238853,0.9998774528503418,0.010473938658833504,0,0.01603114604949951,-0.010328930802643299,0.9998102188110352,0,0,0.030772000551223755,0,1
B5,mixamorig_Head,4,0.9989136457443237,-0.04116792976856232,-0.021565593779087067,0,0.039780475199222565,0.9972660541534424,-0.06194635480642319,0,0.024069294333457947,0.061026498675346375,0.9978236556053162,0,0,0.024759000167250633,-0.0009560000034980476,1
B6,mixamorig_HeadTop_End,5,1,0,0,0,0,1,0,0,0,0,1,0,0,0.1756329983472824,-0.0067819999530911446,1
B7,mixamorig_LeftShoulder,3,0.10589774698019028,0.009557753801345825,-0.994317889213562,0,0.8369210958480835,-0.5408170819282532,0.0839257538318634,0,-0.5369409918785095,-0.8410756587982178,-0.06528937816619873,0,0.013224000111222267,0.026069000363349915,-0.000048999998398358,1
B8,mixamorig_LeftArm,7,0.9356985688209534,0.10111900418996811,-0.33663836121559143,0,0.17791937291622162,0.6884246468544006,0.7024204134941101,0,0.3025655746459961,-0.7173250317573547,0.6270180940628052,0,0,0.028049999848008156,0,1
B9,mixamorig_LeftForeArm,8,0.9844220876693726,0.17568078637123108,-0.000903019797988236,0,-0.17567679286003113,0.9844174981117249,0.0035204177256673574,0,0.001508205896243453,-0.003307363484054804,0.9999934434890747,0,0,0.03681600093841553,0,1
B10,mixamorig_LeftHand,9,0.9597905874252319,0.0840623751282692,-0.26763203740119934,0,-0.010041340254247189,0.9636695384979248,0.2667286992073059,0,0.2803826332092285,-0.25337886810302734,0.9258249402046204,0,0,0.04372299835085869,0,1
B11,mixamorig_LeftHandThumb1,10,0.9031429886817932,0.3423849940299988,-0.2590470016002655,0,-0.29577699303627014,0.9335169792175293,0.20263759791851044,0,0.3112049996852875,-0.10638999938964844,0.9443690180778503,0,-0.010954000055789948,0.008438999764621258,0,1
B12,mixamorig_LeftHandThumb2,11,0.9951955080032349,0.00388122396543622,-0.09687141329050064,0,-0.0033007243182510138,0.9999327659606934,0.004804648458957672,0,0.09690771996974945,-0.004428186919540167,0.995144784450531,0,-0.0017300000181421638,0.010925999842584133,0,1
B13,mixamorig_LeftHandThumb3,12,0.9674494862556458,0.024035535752773285,-0.25185689330101013,0,-0.09554548561573029,0.9564568996429443,-0.2757227420806885,0,0.2342545986175537,0.2908271849155426,0.9276502132415771,0,0.00040600000647827983,0.011969000101089478,0,1
B14,mixamorig_LeftHandThumb4,13,1,0,0,0,0,1,0,0,0,0,1,0,0.0013229999458417296,0.008763999678194523,0,1
B15,mixamorig_LeftHandIndex1,10,0.9851087331771851,0.16370125114917755,0.05250050127506256,0,-0.17179591953754425,0.9490465521812439,0.26398926973342896,0,-0.006626402027904987,-0.2690783441066742,0.9630406498908997,0,0,0.014949999749660492,0.00010699999984353781,1
B16,mixamorig_LeftHandIndex2,15,0.9999995827674866,0.0009733741171658039,0.00018449425988364965,0,-0.00098796549718827,0.9655762910842896,0.2601175308227539,0,0.00007526853732997552,-0.2601175308227539,0.9655768871307373,0,0.0003659999929368496,0.01895900070667267,0,1
B17,mixamorig_LeftHandIndex3,16,0.9991801977157593,0.04042055830359459,0.002191720064729452,0,-0.0395987406373024,0.9647736549377441,0.26008450984954834,0,0.008397805504500866,-0.25995850563049316,0.9655832648277283,0,-0.00022899999748915434,0.014944000169634819,0,1
B18,mixamorig_LeftHandIndex4,17,1,0,0,0,0,1,0,0,0,0,1,0,-0.00013699999544769526,0.011965000070631504,0,1
B19,mixamorig_RightShoulder,3,0.08242692053318024,-0.011891969479620457,0.9964913129806519,0,-0.8385210037231445,-0.5411762595176697,0.06290832906961441,0,0.5385320782661438,-0.8408241271972656,-0.05456891283392906,0,-0.013224000111222267,0.02607100084424019,-0.00014899999951012433,1
B20,mixamorig_RightArm,19,0.83417809009552,-0.5150732398033142,0.19664980471134186,0,0.39460960030555725,0.8063006401062012,0.439422070980072,0,-0.3846430480480194,-0.2890687584877014,0.8760303258895874,0,0,0.028049999848008156,0,1
B21,mixamorig_RightForeArm,20,0.831954300403595,-0.554710865020752,-0.005842273123562336,0,0.5547084212303162,0.8317431807518005,0.019715888425707817,0,-0.0060814558528363705,-0.019643662497401237,0.9997888803482056,0,0,0.03684400022029877,0,1
B22,mixamorig_RightHand,21,0.9602452516555786,0.02014031447470188,0.27817729115486145,0,-0.07519224286079407,0.9790453910827637,0.18868963420391083,0,-0.2684895098209381,-0.2021249532699585,0.941799521446228,0,0,0.043657999485731125,0,1
B23,mixamorig_RightHandThumb1,22,0.844385027885437,-0.43761900067329407,0.3090369999408722,0,0.3200959861278534,0.87466961145401,0.3639940023422241,0,-0.4295960068702698,-0.20843000710010529,0.8786380290985107,0,0.011006000451743603,0.008039000444114208,0,1
B24,mixamorig_RightHandThumb2,23,0.9823164939880371,0.18386326730251312,0.0345810130238533,0,-0.1845548450946808,0.982630729675293,0.01804509572684765,0,-0.030656687915325165,-0.02409328706562519,0.999236524105072,0,0.0012179999612271786,0.010835000313818455,0,1
B25,mixamorig_RightHandThumb3,24,0.9897721409797668,-0.023284776136279106,-0.14074435830116272,0,-0.022244827821850777,0.9493296146392822,-0.31349384784698486,0,0.140912726521492,0.3134176731109619,0.9391021728515625,0,-0.0002730000123847276,0.011909999884665012,0,1
B26,mixamorig_RightHandThumb4,25,1,0,0,0,0,1,0,0,0,0,1,0,-0.0009449999779462814,0.009026999585330486,0,1
B27,mixamorig_RightHandIndex1,22,0.9815624356269836,-0.1735338270664215,-0.08010514825582504,0,0.19102875888347626,0.9044983386993408,0.38126763701438904,0,0.0062844157218933105,-0.389541357755661,0.920974612236023,0,0,0.01689399965107441,0.00016700000560376793,1
B28,mixamorig_RightHandIndex2,27,0.9992070198059082,-0.03905428200960159,-0.007719291839748621,0,0.03890128433704376,0.9166606664657593,0.39776861667633057,0,-0.008458474650979042,-0.39775362610816956,0.9174536466598511,0,-0.00018400000408291817,0.017652999609708786,0,1
B29,mixamorig_RightHandIndex3,28,0.9991010427474976,-0.0423322431743145,-0.0022078286856412888,0,0.04204346612095833,0.9829489588737488,0.17900800704956055,0,-0.005407742690294981,-0.17893999814987183,0.9838448762893677,0,0.00015999999595806003,0.014392999932169914,0,1
B30,mixamorig_RightHandIndex4,29,1,0,0,0,0,1,0,0,0,0,1,0,0.000024000000848900527,0.011656999588012695,0,1
B31,mixamorig_LeftUpLeg,0,-0.9946823120117188,0.019416486844420433,0.09907879680395126,0,0.04290672391653061,-0.8000329732894897,0.5967026352882385,0,0.09071427583694458,0.5977383255958557,0.7950062155723572,0,0.022918999195098877,-0.011362999677658081,-0.00045399999362416565,1
B32,mixamorig_LeftLeg,31,0.9959607124328613,0.06473170965909958,0.05530521646142006,0,-0.045493487268686295,0.9512965679168701,-0.30172857642173767,0,-0.07126309722661972,0.29796209931373596,0.9511828422546387,0,0,0.060447998344898224,0,1
B33,mixamorig_LeftFoot,32,0.995483934879303,0.023885253816843033,0.09111958742141724,0,-0.0894867405295372,0.5521208643913269,0.8279887437820435,0,-0.030664676800370216,-0.8323954343795776,0.5517896413803101,0,0,0.051343999803066254,0,1
B34,mixamorig_LeftToeBase,33,0.9941717386245728,-0.0008133549126796424,0.10777129977941513,0,-0.07275505363941193,0.7327774167060852,0.6763904690742493,0,-0.07949814945459366,-0.6802937388420105,0.728449821472168,0,0,0.04061900079250336,0,1
B35,mixamorig_LeftToe_End,34,1,0,0,0,0,1,0,0,0,0,1,0,0,0.016471000388264656,0,1
B36,mixamorig_RightUpLeg,0,-0.9788321256637573,-0.0582200288772583,-0.19586576521396637,0,0.0680505782365799,-0.9964246153831482,-0.04249383136630058,0,-0.19282220304012299,-0.05488092824816704,0.9792944192886353,0,-0.022918999195098877,-0.011362999677658081,-0.0005750000127591193,1
B37,mixamorig_RightLeg,36,0.9906466007232666,-0.08925855159759521,0.10044858604669571,0,0.11462635546922684,0.9501062631607056,-0.28948700428009033,0,-0.06974465399980545,0.29855701327323914,0.9514777660369873,0,0,0.060412000864744186,0,1
B38,mixamorig_RightFoot,37,0.9904884099960327,-0.1158825159072876,-0.06307250261306763,0,0.08724892139434814,0.22191430628299713,0.9697392582893372,0,-0.0971921980381012,-0.9676069021224976,0.22969681024551392,0,0,0.05142899975180626,0,1
B39,mixamorig_RightToeBase,38,0.9941917061805725,0.0007105226977728307,-0.1076195016503334,0,0.0701250359416008,0.7542812824249268,0.6527831554412842,0,0.0816376656293869,-0.6565382480621338,0.7498506903648376,0,0,0.04060500115156174,0,1
B40,mixamorig_RightToe_End,39,1,0,0,0,0,1,0,0,0,0,1,0,0,0.016150999814271927,0,1
@34,0,1,2,3,4,5,7,8,9,10,11,12,13,15,16,17,19,20,21,22,23,24,25,27,28,29,31,32,33,34,36,37,38,39
K0.000,0.999405026435852,0.00938399974256754,-0.03319400176405907,0,-0.008249999955296516,0.9993829727172852,0.034136999398469925,0,0.033493999391794205,-0.03384299948811531,0.9988660216331482,0,0.00007100000220816582,0.14546699821949005,0.0004360000020824373,1,0.9996780157089233,-0.012656999751925468,0.02198600023984909,0,0.01070799957960844,0.9961860179901123,0.08659999817609787,0,-0.02299799956381321,-0.08633600175380707,0.9960010051727295,0,0,0.020509999245405197,-0.00043200000072829425,1,0.9988769888877869,0.01873599924147129,0.04350600019097328,0,-0.020594999194145203,0.9988759756088257,0.042684998363256454,0,-0.0426580011844635,-0.04353399947285652,0.9981409907341003,0,0,0.023933999240398407,0,1,0.9988669753074646,0.020716000348329544,0.04284999892115593,0,-0.022523999214172363,0.9988570213317871,0.04215399920940399,0,-0.041926998645067215,-0.04307200014591217,0.9981920123100281,0,0,0.02735299989581108,0,1,0.999301016330719,-0.0036720000207424164,-0.03720200061798096,0,0.004141999874264002,0.9999129772186279,0.012562000192701817,0,0.03715299814939499,-0.01270699966698885,0.9992290139198303,0,0,0.030772000551223755,0,1,0.9963399767875671,-0.03709600120782852,-0.07700999826192856,0,0.03264699876308441,0.997767984867096,-0.05825499817728996,0,0.07899899780750275,0.05552700161933899,0.9953269958496094,0,0,0.024759000167250633,-0.0009560000034980476,1,0.1508840024471283,0.007319999858736992,-0.9885240197181702,0,0.8254070281982422,-0.5512199997901917,0.12190499901771545,0,-0.5440019965171814,-0.8343279957771301,-0.08921200037002563,0,0.013224000111222267,0.026069000363349915,-0.000048999998398358,1,0.903186023235321,0.33080199360847473,-0.27354198694229126,0,-0.07041899859905243,0.742808997631073,0.6657900214195251,0,0.42343398928642273,-0.5820689797401428,0.6941890120506287,0,0,0.028049999848008156,0,1,0.9814289808273315,0.1918260008096695,-0.0008430000161752105,0,-0.19182099401950836,0.9814220070838928,0.003843999933451414,0,0.0015650000423192978,-0.003611000021919608,0.9999920129776001,0,0,0.03681600093841553,0,1,0.9531319737434387,-0.0177800003439188,-0.3020319938659668,0,0.07295399904251099,0.9823219776153564,0.17239700257778168,0,0.2936280071735382,-0.18635199964046478,0.9375799894332886,0,0,0.04372299835085869,0,1,0.9031429886817932,0.3423849940299988,-0.2590470016002655,0,-0.2957780063152313,0.9335169792175293,0.20263800024986267,0,0.3112049996852875,-0.10638999938964844,0.9443690180778503,0,-0.010954000055789948,0.008438999764621258,0,1,0.996429979801178,-0.01412499975413084,-0.08323000371456146,0,0.014698999933898449,0.9998720288276672,0.006289999932050705,0,0.08313000202178955,-0.00749099999666214,0.9965109825134277,0,-0.0017300000181421638,0.010925999842584133,0,1,0.9674530029296875,0.02281299978494644,-0.25202199816703796,0,-0.09456899762153625,0.9563620090484619,-0.2764579951763153,0,0.23471699655056,0.29129400849342346,0.9273920059204102,0,0.00040600000647827983,0.011969000101089478,0,1,0.9855070114135742,0.16064999997615814,0.05447300150990486,0,-0.1695059984922409,0.9451109766960144,0.27934399247169495,0,-0.006606000009924173,-0.2845290005207062,0.9586449861526489,0,0,0.014949999749660492,0.00010699999984353781,1,1,0.0008859999943524599,0.00016999999934341758,0,-0.0008999999845400453,0.9657459855079651,0.2594889998435974,0,0.00006600000051548705,-0.2594900131225586,0.9657459855079651,0,0.0003659999929368496,0.01895900070667267,0,1,0.9991840124130249,0.040334999561309814,0.002174000022932887,0,-0.03951700031757355,0.9649459719657898,0.259456992149353,0,0.00836700014770031,-0.25933098793029785,0.9657520055770874,0,-0.00022899999748915434,0.014944000169634819,0,1,0.05581799894571304,-0.01321799959987402,0.9983530044555664,0,-0.8218209743499756,-0.568448007106781,0.03842100128531456,0,0.5670040249824524,-0.822613000869751,-0.04259200021624565,0,-0.013224000111222267,0.02607100084424019,-0.00014899999951012433,1,0.8861610293388367,-0.4256640076637268,0.18310700356960297,0,0.2648569941520691,0.7895339727401733,0.553613007068634,0,-0.38022300601005554,-0.44209301471710205,0.8123940229415894,0,0,0.028049999848008156,0,1,0.9192450046539307,-0.3936760127544403,-0.0027389999013394117,0,0.39367398619651794,0.9191439747810364,0.013992000371217728,0,-0.0029909999575465918,-0.01394100021570921,0.9998980164527893,0,0,0.03684400022029877,0,1,0.967831015586853,-0.040414001792669296,0.24833400547504425,0,0.018061000853776932,0.9956279993057251,0.09164000302553177,0,-0.25095200538635254,-0.08420699834823608,0.9643300175666809,0,0,0.043657999485731125,0,1,0.844385027885437,-0.43761900067329407,0.3090369999408722,0,0.3200959861278534,0.8746700286865234,0.3639940023422241,0,-0.4295960068702698,-0.20843000710010529,0.8786380290985107,0,0.011006000451743603,0.008039000444114208,0,1,0.97154301404953,0.23665200173854828,0.010007999837398529,0,-0.2368360012769699,0.9712120294570923,0.025622999295592308,0,-0.0036559998989105225,-0.027264999225735664,0.9996219873428345,0,0.0012179999612271786,0.010835000313818455,0,1,0.9896219968795776,-0.020632000640034676,-0.14220699667930603,0,-0.024974999949336052,0.9498800039291382,-0.311614990234375,0,0.14150899648666382,0.3119319975376129,0.939507007598877,0,-0.0002730000123847276,0.011909999884665012,0,1,0.984728991985321,-0.16129299998283386,-0.06551700085401535,0,0.17394700646400452,0.9269520044326782,0.3324199914932251,0,0.007114000152796507,-0.3387399911880493,0.9408529996871948,0,0,0.01689399965107441,0.00016700000560376793,1,0.9991989731788635,-0.0392410010099411,-0.007782000117003918,0,0.0390859991312027,0.9161610007286072,0.39890098571777344,0,-0.008523999713361263,-0.3988859951496124,0.9169610142707825,0,-0.00018400000408291817,0.017652999609708786,0,1,0.9990929961204529,-0.042525000870227814,-0.0022430000826716423,0,0.042233001440763474,0.9827190041542053,0.1802230030298233,0,-0.00546000013127923,-0.1801539957523346,0.9836230278015137,0,0.00015999999595806003,0.014392999932169914,0,1,-0.9868000149726868,0.030928000807762146,0.1589599996805191,0,0.04822300001978874,-0.880944013595581,0.47075599431991577,0,0.15459400415420532,0.4722079932689667,0.8678249716758728,0,0.022918999195098877,-0.011362999677658081,-0.00045399999362416565,1,0.9973599910736084,-0.03950800001621246,-0.06092799827456474,0,-0.03589500114321709,0.4611400067806244,-0.8866009712219238,0,0.06312400102615356,0.886447012424469,0.4585050046443939,0,0,0.060447998344898224,0,1,0.9895560145378113,0.10366600006818771,0.1001650020480156,0,-0.13993500173091888,0.5239920020103455,0.8401489853858948,0,0.034609001129865646,-0.8453909754753113,0.5330259799957275,0,0,0.051343999803066254,0,1,0.9926139712333679,0.03215499967336655,0.11698099970817566,0,-0.1195020005106926,0.42539599537849426,0.8970829844474792,0,-0.020918000489473343,-0.9044359922409058,0.42609700560569763,0,0,0.04061900079250336,0,1,-0.9920899868011475,-0.07139500230550766,-0.10325200110673904,0,0.04752799868583679,-0.9749130010604858,0.2174530029296875,0,-0.11618699878454208,0.21082599461078644,0.9705939888954163,0,-0.022918999195098877,-0.011362999677658081,-0.0005750000127591193,1,0.9919689893722534,-0.10002999752759933,0.07740200310945511,0,0.12303800135850906,0.9049699902534485,-0.4072979986667633,0,-0.02930399961769581,0.41355100274086,0.9100090265274048,0,0,0.060412000864744186,0,1,0.9861379861831665,-0.10936299711465836,-0.12478800117969513,0,0.15702000260353088,0.37196800112724304,0.9148679971694946,0,-0.05363599956035614,-0.9217810034751892,0.3839839994907379,0,0,0.05142899975180626,0,1,0.9941210150718689,0.0007719999994151294,-0.1082720011472702,0,0.07082899659872055,0.7516989707946777,0.6556919813156128,0,0.08189400285482407,-0.6595060229301453,0.7472249865531921,0,0,0.04060500115156174,0,1
K0.033,0.9996410012245178,0.011529937386512756,-0.02416689321398735,0,-0.010445941239595413,0.9989539980888367,0.04452011361718178,0,0.024654891341924667,-0.04425111040472984,0.9987159967422485,0,0.0002760034694802016,0.14629699289798737,0.00006999703327892348,1,0.9998840093612671,-0.014105870388448238,0.005778836086392403,0,0.013599882833659649,0.996724009513855,0.07973092794418335,0,-0.006884826347231865,-0.07964292913675308,0.9968000054359436,0,0,0.020509999245405197,-0.00043200000072829425,1,0.9994140267372131,0.009858883917331696,0.03277088701725006,0,-0.011122877709567547,0.9991919994354248,0.0386129654943943,0,-0.0323638916015625,-0.0389549620449543,0.9987170100212097,0,0,0.023933999240398407,0,1,0.9994180202484131,0.011540880426764488,0.032108891755342484,0,-0.01276787556707859,0.9991859793663025,0.03827196732163429,0,-0.03164089471101761,-0.0386599637567997,0.9987509846687317,0,0,0.02735299989581108,0,1,0.9994379878044128,-0.005923980847001076,-0.032994940876960754,0,0.006364979315549135,0.999891996383667,0.01327198464423418,0,0.03291293978691101,-0.013474984094500542,0.9993669986724854,0,0,0.030772000551223755,0,1,0.9977899789810181,-0.035548992455005646,-0.05613882094621658,0,0.032673999667167664,0.9981480240821838,-0.05132199078798294,0,0.05785981938242912,0.04937399923801422,0.9971029758453369,0,0,0.024759000167250633,-0.0009560000034980476,1,0.13411785662174225,0.00819400791078806,-0.99093097448349,0,0.8294199705123901,-0.5481399893760681,0.10772586613893509,0,-0.5422859787940979,-0.8363459706306458,-0.08031191676855087,0,0.013224000111222267,0.026069000363349915,-0.000048999998398358,1,0.9185171127319336,0.26133832335472107,-0.2966962158679962,0,0.01029075589030981,0.734350860118866,0.678692102432251,0,0.3952476382255554,-0.6264434456825256,0.6718237996101379,0,0,0.028049999848008156,0,1,0.9814940094947815,0.19149097800254822,-0.0008440000819973648,0,-0.19148698449134827,0.9814879894256592,0.003836999647319317,0,0.0015629999106749892,-0.0036049995105713606,0.9999920129776001,0,0,0.03681600093841553,0,1,0.9557049870491028,0.01538234855979681,-0.2939249277114868,0,0.05427372083067894,0.972296953201294,0.22735927999019623,0,0.2892800271511078,-0.23324017226696014,0.9283939599990845,0,0,0.04372299835085869,0,1,0.9031429886817932,0.3423849940299988,-0.2590470016002655,0,-0.29577699303627014,0.9335169792175293,0.20263700187206268,0,0.3112049996852875,-0.10638999938964844,0.9443690180778503,0,-0.010954000055789948,0.008438999764621258,0,1,0.9968770146369934,-0.007815971970558167,-0.07858101278543472,0,0.007335972040891647,0.9999529719352722,-0.006401995662599802,0,0.07862701267004013,0.005805997643619776,0.9968870282173157,0,-0.0017300000181421638,0.010925999842584133,0,1,0.9682350158691406,0.01871100254356861,-0.2493409961462021,0,-0.08932200074195862,0.9572820067405701,-0.2750149965286255,0,0.2335440069437027,0.28855100274086,0.9285449981689453,0,0.00040600000647827983,0.011969000101089478,0,1,0.9841520190238953,0.16908198595046997,0.05344199016690254,0,-0.17719797790050507,0.9491689801216125,0.2601519823074341,0,-0.006738999392837286,-0.26549896597862244,0.9640880227088928,0,0,0.014949999749660492,0.00010699999984353781,1,1,0.0009160002809949219,0.00017500003741588444,0,-0.0009300002711825073,0.9656879901885986,0.25970199704170227,0,0.00006900003063492477,-0.25970199704170227,0.9656890034675598,0,0.0003659999929368496,0.01895900070667267,0,1,0.9991829991340637,0.040362998843193054,0.0021800000686198473,0,-0.0395440012216568,0.9648879766464233,0.2596690058708191,0,0.008377999998629093,-0.2595430016517639,0.9656950235366821,0,-0.00022899999748915434,0.014944000169634819,0,1,0.061371058225631714,-0.012884995900094509,0.9980319738388062,0,-0.8240150809288025,-0.5649048686027527,0.043378058820962906,0,0.5632338523864746,-0.8250560760498047,-0.04528602585196495,0,-0.013224000111222267,0.02607100084424019,-0.00014899999951012433,1,0.8685288429260254,-0.4583602547645569,0.18858304619789124,0,0.30298134684562683,0.7921120524406433,0.5298677086830139,0,-0.3922490179538727,-0.40306857228279114,0.8268471956253052,0,0,0.028049999848008156,0,1,0.8989286422729492,-0.43808165192604065,-0.003461012616753578,0,0.4380796551704407,0.8988016247749329,0.01557102333754301,0,-0.003710012650117278,-0.015513023361563683,0.9998729825019836,0,0,0.03684400022029877,0,1,0.9677939414978027,-0.0018386063165962696,0.25173714756965637,0,-0.03158852830529213,0.9911829233169556,0.12868037819862366,0,-0.24975407123565674,-0.13248848915100098,0.9592028856277466,0,0,0.043657999485731125,0,1,0.844385027885437,-0.43761900067329407,0.3090369999408722,0,0.3200959861278534,0.8746690154075623,0.3639940023422241,0,-0.4295960068702698,-0.20843000710010529,0.8786380290985107,0,0.011006000451743603,0.008039000444114208,0,1,0.9724820852279663,0.23277483880519867,0.009678101167082787,0,-0.23293983936309814,0.9722230434417725,0.022828999906778336,0,-0.004095103591680527,-0.02445502206683159,0.999692976474762,0,0.0012179999612271786,0.010835000313818455,0,1,0.9896270036697388,-0.02071600966155529,-0.14216099679470062,0,-0.024888990446925163,0.9498630166053772,-0.3116750121116638,0,0.14148999750614166,0.3119800090789795,0.9394940137863159,0,-0.0002730000123847276,0.011909999884665012,0,1,0.9843770265579224,-0.16276703774929047,-0.06715206056833267,0,0.1759340763092041,0.9245029091835022,0.3381431996822357,0,0.00704299658536911,-0.344675213098526,0.9386959671974182,0,0,0.01689399965107441,0.00016700000560376793,1,0.9991989731788635,-0.03925499692559242,-0.007786998990923166,0,0.039100997149944305,0.9161229729652405,0.39898499846458435,0,-0.0085289990529418,-0.39897000789642334,0.916923999786377,0,-0.00018400000408291817,0.017652999609708786,0,1,0.9990919828414917,-0.04253999516367912,-0.002245999639853835,0,0.042246997356414795,0.9827010035514832,0.18031398952007294,0,-0.005462999455630779,-0.18024498224258423,0.9836069941520691,0,0.00015999999595806003,0.014392999932169914,0,1,-0.9877060055732727,0.047544050961732864,0.14891383051872253,0,0.03537087142467499,-0.8599460124969482,0.5091580152511597,0,0.15226587653160095,0.5081660151481628,0.8476920127868652,0,0.022918999195098877,-0.011362999677658081,-0.00045399999362416565,1,0.9995710253715515,-0.014456750825047493,-0.025458546355366707,0,-0.009555897675454617,0.6608511209487915,-0.750455379486084,0,0.027673497796058655,0.7503764033317566,0.6604301333427429,0,0,0.060447998344898224,0,1,0.9922969937324524,0.0756668895483017,0.09808392077684402,0,-0.12335387617349625,0.5307154655456543,0.8385257124900818,0,0.011393887922167778,-0.8441656827926636,0.5359614491462708,0,0,0.051343999803066254,0,1,0.9963449835777283,0.04893650487065315,0.07001934200525284,0,-0.08498683571815491,0.6507659554481506,0.7545070648193359,0,-0.008643696084618568,-0.7577000260353088,0.6525458693504333,0,0,0.04061900079250336,0,1,-0.9901979565620422,-0.06875696033239365,-0.12157832831144333,0,0.05508706718683243,-0.9921320676803589,0.11242714524269104,0,-0.12835127115249634,0.10462711751461029,0.9861940145492554,0,-0.022918999195098877,-0.011362999677658081,-0.0005750000127591193,1,0.9889249205589294,-0.11391796916723251,0.09512930363416672,0,0.13829301297664642,0.939950168132782,-0.3120393753051758,0,-0.05386939272284508,0.32173940539360046,0.945294201374054,0,0,0.060412000864744186,0,1,0.9872509837150574,-0.09591405093669891,-0.12702606618404388,0,0.15271206200122833,0.34573671221733093,0.9258211255073547,0,-0.04488207772374153,-0.9334171414375305,0.3559756875038147,0,0,0.05142899975180626,0,1,0.9942139983177185,0.0006909995572641492,-0.10741499066352844,0,0.06990399211645126,0.7550960183143616,0.6518769860267639,0,0.08155900239944458,-0.6556140184402466,0.7506780028343201,0,0,0.04060500115156174,0,1
K0.067,0.9998930096626282,0.0053360615856945515,-0.013613104820251465,0,-0.004571058321744204,0.9984440207481384,0.05558189004659653,0,0.013888106681406498,-0.0555138885974884,0.9983609914779663,0,0.0006219965871423483,0.14586499333381653,-0.00022699704277329147,1,0.9999430179595947,-0.0011541288113221526,-0.010597837157547474,0,0.0019141162047162652,0.9973989725112915,0.0720570757985115,0,0.010487827472388744,-0.07207407802343369,0.9973440170288086,0,0,0.020509999245405197,-0.00043200000072829425,1,0.9997640252113342,-0.0018088840879499912,0.021641109138727188,0,0.0010478789918124676,0.9993810057640076,0.035154033452272415,0,-0.021692106500267982,-0.0351240374147892,0.9991480112075806,0,0,0.023933999240398407,0,1,0.9997760057449341,-0.00040388127672486007,0.021160107105970383,0,-0.00033412358607165515,0.9993929862976074,0.0348370335996151,0,-0.02116110362112522,-0.034837037324905396,0.9991689920425415,0,0,0.02735299989581108,0,1,0.9996230006217957,-0.0040160189382731915,-0.02714705839753151,0,0.004337020218372345,0.9999210238456726,0.011760015040636063,0,0.02709805779159069,-0.01187401544302702,0.9995620250701904,0,0,0.030772000551223755,0,1,0.9986609816551208,-0.03463500738143921,-0.03843817487359047,0,0.03266799822449684,0.9981809854507446,-0.05066700652241707,0,0.04012317582964897,0.04934300109744072,0.9979760050773621,0,0,0.024759000167250633,-0.0009560000034980476,1,0.11855115741491318,0.008919992484152317,-0.9929080009460449,0,0.8323310017585754,-0.5461680293083191,0.09447213262319565,0,-0.5414519906044006,-0.8376280069351196,-0.07217308133840561,0,0.013224000111222267,0.026069000363349915,-0.000048999998398358,1,0.9289158582687378,0.19204369187355042,-0.3165977895259857,0,0.08588124811649323,0.7199510931968689,0.6886909008026123,0,0.3601933717727661,-0.6669256091117859,0.6522811651229858,0,0,0.028049999848008156,0,1,0.9818450212478638,0.1896820217370987,-0.0008509999606758356,0,-0.18967701494693756,0.9818390011787415,0.003801000537350774,0,0.0015570000978186727,-0.0035700001753866673,0.9999920129776001,0,0,0.03681600093841553,0,1,0.9561629891395569,0.05015665292739868,-0.2885080575942993,0,0.02637827768921852,0.9664640426635742,0.25544273853302,0,0.29164496064186096,-0.251854807138443,0.922774076461792,0,0,0.04372299835085869,0,1,0.9031429886817932,0.3423849940299988,-0.2590470016002655,0,-0.29577699303627014,0.9335169792175293,0.20263700187206268,0,0.3112049996852875,-0.10638999938964844,0.9443690180778503,0,-0.010954000055789948,0.008438999764621258,0,1,0.9967830181121826,-0.005020027980208397,-0.07999198138713837,0,0.004558027256280184,0.9999719858169556,-0.005961004178971052,0,0.08001898229122162,0.005577002186328173,0.9967780113220215,0,-0.0017300000181421638,0.010925999842584133,0,1,0.9682490229606628,0.01885099895298481,-0.2492769956588745,0,-0.08940599858760834,0.9573130011558533,-0.27487900853157043,0,0.23345400393009186,0.28843799233436584,0.9286019802093506,0,0.00040600000647827983,0.011969000101089478,0,1,0.984499990940094,0.16734302043914795,0.0525050088763237,0,-0.17525900900363922,0.9500849843025208,0.2581150233745575,0,-0.006691000424325466,-0.2633160352706909,0.9646859765052795,0,0,0.014949999749660492,0.00010699999984353781,1,1,0.0009469997021369636,0.00017999995907302946,0,-0.000960999692324549,0.9656280279159546,0.2599250078201294,0,0.00007199997344287112,-0.2599250078201294,0.965628981590271,0,0.0003659999929368496,0.01895900070667267,0,1,0.9991809725761414,0.040394000709056854,0.0021860001143068075,0,-0.03957400098443031,0.9648259878158569,0.25989198684692383,0,0.008388999849557877,-0.25976601243019104,0.9656350016593933,0,-0.00022899999748915434,0.014944000169634819,0,1,0.06748594343662262,-0.012516004033386707,0.9976419806480408,0,-0.8309229612350464,-0.5542030930519104,0.04925493896007538,0,0.5522791147232056,-0.8322879672050476,-0.04780097305774689,0,-0.013224000111222267,0.02607100084424019,-0.00014899999951012433,1,0.8533431887626648,-0.4840167462825775,0.19373595714569092,0,0.3386806547641754,0.7971689701080322,0.4998173117637634,0,-0.39635998010635376,-0.360901415348053,0.8441858291625977,0,0,0.028049999848008156,0,1,0.863434374332428,-0.5044393539428711,-0.004722987301647663,0,0.5044373273849487,0.8632623553276062,0.01792897656559944,0,-0.004966987296938896,-0.017862975597381592,0.9998279809951782,0,0,0.03684400022029877,0,1,0.9627640843391418,0.03750460967421532,0.26772886514663696,0,-0.08439547568559647,0.9825330376625061,0.16585062444210052,0,-0.25683194398880005,-0.18227051198482513,0.949113130569458,0,0,0.043657999485731125,0,1,0.844385027885437,-0.43761900067329407,0.3090369999408722,0,0.3200959861278534,0.8746690154075623,0.3639940023422241,0,-0.4295960068702698,-0.20843000710010529,0.8786380290985107,0,0.011006000451743603,0.008039000444114208,0,1,0.9760819673538208,0.21649816632270813,0.019833900034427643,0,-0.21692615747451782,0.9759209156036377,0.022843999788165092,0,-0.0144108971580863,-0.026599979028105736,0.9995419979095459,0,0.0012179999612271786,0.010835000313818455,0,1,0.989683985710144,-0.021703990176320076,-0.14161700010299683,0,-0.02387200854718685,0.949658989906311,-0.312375009059906,0,0.14126700162887573,0.3125329911708832,0.9393439888954163,0,-0.0002730000123847276,0.011909999884665012,0,1,0.9831420183181763,-0.16762594878673553,-0.0730329379439354,0,0.18272192776203156,0.9153870940208435,0.35871878266334534,0,0.006722003221511841,-0.36601579189300537,0.9305840730667114,0,0,0.01689399965107441,0.00016700000560376793,1,0.9992079734802246,-0.0390470027923584,-0.00771700032055378,0,0.03889400511980057,0.9166809916496277,0.397722989320755,0,-0.008456001058220863,-0.397707998752594,0.9174730181694031,0,-0.00018400000408291817,0.017652999609708786,0,1,0.9991009831428528,-0.04232500493526459,-0.0022060004994273186,0,0.04203600436449051,0.9829580187797546,0.17895901203155518,0,-0.005406000651419163,-0.17889101803302765,0.9838539958000183,0,0.00015999999595806003,0.014392999932169914,0,1,-0.9898130297660828,0.05273294821381569,0.13225115835666656,0,0.02224612981081009,-0.8601920008659363,0.5094839930534363,0,0.14062811434268951,0.5072360038757324,0.8502560257911682,0,0.022918999195098877,-0.011362999677658081,-0.00045399999362416565,1,0.9997439980506897,0.010450752452015877,0.020053546875715256,0,0.0006838982808403671,0.87242591381073,-0.4887445867061615,0,-0.022602500393986702,0.48863258957862854,0.8721958994865417,0,0,0.060447998344898224,0,1,0.9938690066337585,0.06473111361265182,0.08963707834482193,0,-0.11056512594223022,0.5799165368080139,0.8071383237838745,0,0.0002651106333360076,-0.8121002912521362,0.5835185050964355,0,0,0.051343999803066254,0,1,0.9945499897003174,-0.000481508846860379,0.10426066070795059,0,-0.06894715875387192,0.7470880746841431,0.661139965057373,0,-0.07821030914783478,-0.6647249460220337,0.7429831027984619,0,0,0.04061900079250336,0,1,-0.985852062702179,-0.06524203717708588,-0.15440267324447632,0,0.06182093173265457,-0.9977259635925293,0.026861852034926414,0,-0.15580372512340546,0.01693587191402912,0.9876430034637451,0,-0.022918999195098877,-0.011362999677658081,-0.0005750000127591193,1,0.9857940673828125,-0.11114002764225006,0.12593068182468414,0,0.13983897864818573,0.9583988189697266,-0.2488316297531128,0,-0.09303661435842514,0.26290658116340637,0.9603248238563538,0,0,0.060412000864744186,0,1,0.9858779907226562,-0.10113395005464554,-0.13347893953323364,0,0.1590009331703186,0.3151003122329712,0.9356448650360107,0,-0.05256692320108414,-0.9436548948287964,0.32673031091690063,0,0,0.05142899975180626,0,1,0.9942709803581238,0.0006430004723370075,-0.10688700526952744,0,0.06933600455522537,0.7571759819984436,0.6495199799537659,0,0.08134999871253967,-0.6532099843025208,0.7527940273284912,0,0,0.04060500115156174,0,1
