1.200,30,36,41
B0,mixamorig_Hips,-1,0.9934505820274353,-0.022201023995876312,-0.11167086660861969,0,0.002543708076700568,0.984941840171814,-0.1727449744939804,0,0.11384516954421997,0.1712999790906906,0.9785628914833069,0,0.0001884075754787773,0.14110788702964783,0.0023874808102846146,1
B1,mixamorig_Spine,0,0.9978905916213989,0.0479067862033844,0.039960216730833054,0,-0.05423985421657562,0.9824318289756775,0.17843098938465118,0,-0.030729006975889206,-0.18032245337963104,0.9829710125923157,0,0,0.0196749996393919,-0.00042299999040551484,1
B2,mixamorig_Spine1,1,0.9999921917915344,-0.00004034557059640065,-0.0010157576762139797,0,0.00017790570564102381,0.9905790686607361,0.13693907856941223,0,0.0010011948179453611,-0.13694244623184204,0.9905715584754944,0,0,0.022958999499678612,0,1
B3,mixamorig_Spine2,2,0.9999815821647644,0.00289528607390821,-0.003653901629149914,0,-0.0023811261635273695,0.9909878373146057,0.13392555713653564,0,0.004008818417787552,-0.1339178830385208,0.9909770488739014,0,0,0.026239000260829926,0,1
B4,mixamorig_Neck,3,0.9999932050704956,-0.00157398812007159,-0.0015232566511258483,0,0.0015884838066995144,0.9999644756317139,0.008236962370574474,0,0.0015096967108547688,-0.008240594528615475,0.9999604225158691,0,0,0.02951899915933609,0,1
B5,mixamorig_Head,4,0.9968283176422119,-0.0006725924322381616,0.07829972356557846,0,0.016598016023635864,0.9791589975357056,-0.20239008963108063,0,-0.07652758061885834,0.20306871831417084,0.9760634899139404,0,0,0.03175999969244003,-0.001259000040590763,1
B6,mixamorig_HeadTop_End,5,1,0,0,0,0,1,0,0,0,0,1,0,0,0.168272003531456,-0.006670000031590462,1
B7,mixamorig_LeftShoulder,3,0.11503610759973526,0.010079851374030113,-0.9933059215545654,0,0.8377865552902222,-0.5382461547851562,0.09155749529600143,0,-0.5337194800376892,-0.8427183628082275,-0.0703720822930336,0,0.013248000293970108,0.024746999144554138,-0.00010599999950500205,1
B8,mixamorig_LeftArm,7,0.9830476641654968,0.12421078979969025,-0.13181494176387787,0,-0.02296530269086361,0.8085923790931702,0.5876101851463318,0,0.1794305294752121,-0.5749561786651611,0.7976876497268677,0,0,0.02818400040268898,0,1
B9,mixamorig_LeftForeArm,8,0.7221260070800781,0.6912652850151062,0.00887794978916645,0,-0.6912599802017212,0.7218275666236877,0.022725675255060196,0,0.009321318008005619,-0.022547634318470955,0.9997018575668335,0,0,0.04408000037074089,0,1
B10,mixamorig_LeftHand,9,0.9017735719680786,0.24078185856342316,-0.3576310873031616,0,-0.25241586565971375,0.9665402173995972,0.01242455467581749,0,0.3495616614818573,0.07976023852825165,0.932624101638794,0,0,0.04049000144004822,0,1
B11,mixamorig_LeftHandThumb1,10,0.8808839917182922,0.25949493050575256,-0.394866406917572,0,-0.11945674568414688,0.9308828115463257,0.34461793303489685,0,0.45700719952583313,-0.25688034296035767,0.8511958122253418,0,-0.011188999749720097,0.0069229998625814915,0,1
B12,mixamorig_LeftHandThumb2,11,0.9854521155357361,0.08373387157917023,-0.1464242935180664,0,-0.08558840304613113,0.9962242841720581,-0.005924820434302092,0,0.1454620510339737,0.018168987706303596,0.989054799079895,0,-0.002584999892860651,0.010204000398516655,0,1
B13,mixamorig_LeftHandThumb3,12,0.9392436146736145,0.3230401575565338,-0.09771490097045898,0,-0.3363885283470154,0.8721920251846313,-0.3520295321941376,0,-0.02900048904120922,0.3660784065723419,0.9291824102401733,0,0.0009289999725297093,0.011548999696969986,0,1
B14,mixamorig_LeftHandThumb4,13,1,0,0,0,0,1,0,0,0,0,1,0,0.0016550000291317701,0.008231000043451786,0,1
B15,mixamorig_LeftHandIndex1,10,0.9954839944839478,0.08993719518184662,0.03011235222220421,0,-0.08435515314340591,0.6961434483528137,0.7125557661056519,0,0.04314008355140686,-0.7118749022483826,0.7005887031555176,0,0,0.010764000006020069,0.0001250000059371814,1
B16,mixamorig_LeftHandIndex2,15,0.9977691769599915,0.06179659441113472,0.025026578456163406,0,-0.061968304216861725,0.7216854095458984,0.689012885093689,0,0.024599123746156693,-0.6890280246734619,0.7239161729812622,0,0.0003969999961555004,0.01895200088620186,0,1
B17,mixamorig_LeftHandIndex3,16,0.9958882331848145,0.08887308090925217,0.017205217853188515,0,-0.08421854674816132,0.8401774168014526,0.5351806282997131,0,0.03318954259157181,-0.5344274044036865,0.8442189693450928,0,-0.00025099999038502574,0.014946999959647655,0,1
B18,mixamorig_LeftHandIndex4,17,1,0,0,0,0,1,0,0,0,0,1,0,-0.00014600000577047467,0.011982000432908535,0,1
B19,mixamorig_RightShoulder,3,0.05909997597336769,0.00016640780086163431,0.9982196688652039,0,-0.8137624263763428,-0.5791091918945312,0.0482562854886055,0,0.5780962109565735,-0.8152240514755249,-0.03413678705692291,0,-0.013248000293970108,0.024746999144554138,-0.00009899999713525176,1
B20,mixamorig_RightArm,19,0.9285311102867126,0.16402168571949005,0.3266419470310211,0,-0.339036226272583,0.7221937775611877,0.6009256839752197,0,-0.136882022023201,-0.6718235611915588,0.726677656173706,0,0,0.02818400040268898,0,1
B21,mixamorig_RightForeArm,20,0.5599707365036011,-0.8281521201133728,-0.011963026598095894,0,0.8281271457672119,0.5595992207527161,0.02451292797923088,0,-0.01361886691302061,-0.023633509874343872,0.9996277689933777,0,0,0.04406600072979927,0,1
B22,mixamorig_RightHand,21,0.9822180271148682,-0.07051828503608704,0.16971835494041443,0,0.08995690196752548,0.9891090393066406,-0.11433504521846771,0,-0.15969155728816986,0.1272994726896286,0.9779701232910156,0,0,0.04056600108742714,0,1
B23,mixamorig_RightHandThumb1,22,0.8087381720542908,-0.4428519904613495,0.3866787850856781,0,0.27363476157188416,0.865577220916748,0.41901835799217224,0,-0.5203564763069153,-0.23316410183906555,0.8214882612228394,0,0.011164999566972256,0.0057069999165833,0,1
B24,mixamorig_RightHandThumb2,23,0.9981589317321777,0.0171666219830513,0.05774032324552536,0,-0.015055691823363304,0.9991773366928101,-0.03690042346715927,0,-0.05830664187669754,0.03595256805419922,0.9976439476013184,0,0.0019809999503195286,0.009832999669015408,0,1
B25,mixamorig_RightHandThumb3,24,0.9877705574035645,0.02127995155751705,-0.15358680486679077,0,-0.06719958782196045,0.9513127207756042,-0.30036619305610657,0,0.13978032767772675,0.3070821166038513,0.9413605332374573,0,-0.0006939999875612557,0.011506999842822552,0,1
B26,mixamorig_RightHandThumb4,25,1,0,0,0,0,1,0,0,0,0,1,0,-0.0012860000133514404,0.008825999684631824,0,1
B27,mixamorig_RightHandIndex1,22,0.9688450694084167,-0.21507389843463898,-0.12274904549121857,0,0.24762339890003204,0.832036554813385,0.49614137411117554,0,-0.00457785977050662,-0.5110793709754944,0.8593724370002747,0,0,0.013063999824225903,0.00017100000695791095,1
B28,mixamorig_RightHandIndex2,27,0.9980475306510925,-0.06016263738274574,-0.016700975596904755,0,0.06060118228197098,0.8690630197525024,0.49088263511657715,0,-0.015032479539513588,-0.49093642830848694,0.8710148334503174,0,-0.00016999999934341758,0.01789500005543232,0,1
B29,mixamorig_RightHandIndex3,28,0.9969123005867004,-0.07685478031635284,-0.01601850427687168,0,0.0747995376586914,0.8679471015930176,0.4908992350101471,0,-0.023838864639401436,-0.49058184027671814,0.8710178136825562,0,0.00009300000237999484,0.014088000170886517,0,1
B30,mixamorig_RightHandIndex4,29,1,0,0,0,0,1,0,0,0,0,1,0,0.00007699999696342275,0.011260000057518482,0,1
B31,mixamorig_LeftUpLeg,0,-0.9912109971046448,-0.12242678552865982,0.0489693321287632,0,0.10900431871414185,-0.9694080352783203,-0.21248936653137207,0,0.07403629273176193,-0.20519718527793884,0.9743098020553589,0,0.02312999963760376,-0.01093399990350008,-0.00048099999548867345,1
B32,mixamorig_LeftLeg,31,0.9830867052078247,0.10751082003116608,-0.14706286787986755,0,-0.18208615481853485,0.5809445381164551,-0.792391300201416,0,0.0008633050019852817,0.8061147332191467,0.5908199548721313,0,0,0.06177600100636482,0,1
B33,mixamorig_LeftFoot,32,0.9848917722702026,-0.16837260127067566,0.02382446639239788,0,0.019052905961871147,0.24801771342754364,0.9679745435714722,0,-0.16941188275814056,-0.9538717269897461,0.24753358960151672,0,0,0.054933998733758926,0,1
B34,mixamorig_LeftToeBase,33,0.9920154213905334,0.028424112126231194,0.12166649848222733,0,-0.12327472120523453,0.378801167011261,0.9172015190124512,0,-0.020031370222568512,-0.924947202205658,0.3792017996311188,0,0,0.04061900079250336,0,1
B35,mixamorig_LeftToe_End,34,1,0,0,0,0,1,0,0,0,0,1,0,0,0.016471000388264656,0,1
B36,mixamorig_RightUpLeg,0,-0.9956522583961487,-0.002599113155156374,-0.09284128248691559,0,-0.025928447023034096,-0.9523367285728455,0.3032847046852112,0,-0.08915747702121735,0.3043903708457947,0.9481335282325745,0,-0.02312999963760376,-0.01093399990350008,-0.0005450000171549618,1
B37,mixamorig_RightLeg,36,0.9946988821029663,-0.09950466454029083,-0.025602009147405624,0,0.04771881923079491,0.667860209941864,-0.7426291108131409,0,0.09094562381505966,0.7374818325042725,0.669084370136261,0,0,0.06176700070500374,0,1
B38,mixamorig_RightFoot,37,0.9853298664093018,-0.035042788833379745,-0.16697187721729279,0,0.16973985731601715,0.3020938038825989,0.9379668235778809,0,0.01758480630815029,-0.9525484442710876,0.30361226201057434,0,0,0.054972000420093536,0,1
B39,mixamorig_RightToeBase,38,0.9958140254020691,0.000009999992471421137,-0.09140600264072418,0,0.0545010007917881,0.8027369976043701,0.5938370227813721,0,0.07338099926710129,-0.5963330268859863,0.7993760108947754,0,0,0.04060500115156174,0,1
B40,mixamorig_RightToe_End,39,1,0,0,0,0,1,0,0,0,0,1,0,0,0.016150999814271927,0,1
@34,0,1,2,3,4,5,7,8,9,10,11,12,13,15,16,17,19,20,21,22,23,24,25,27,28,29,31,32,33,34,36,37,38,39
K0.000,0.9994739890098572,0.007817000150680542,-0.03145899996161461,0,-0.011730000376701355,0.9919340014457703,-0.12620800733566284,0,0.030218999832868576,0.12651099264621735,0.9915050268173218,0,0.00042699999175965786,0.14515399932861328,-0.001019999966956675,1,0.9965770244598389,0.019807999953627586,-0.0802609995007515,0,-0.0015750000020489097,0.9752410054206848,0.22113700211048126,0,0.08265399932861328,-0.22025400400161743,0.9719340205192566,0,0,0.0196749996393919,-0.00042299999040551484,1,0.9995819926261902,-0.00533400010317564,-0.028426000848412514,0,0.009193000383675098,0.9904729723930359,0.1374029964208603,0,0.027421999722719193,-0.13760699331760406,0.990106999874115,0,0,0.022958999499678612,0,1,0.9995139837265015,-0.0025400000158697367,-0.031062999740242958,0,0.0067010000348091125,0.9908789992332458,0.13458900153636932,0,0.030438000336289406,-0.13473199307918549,0.990414023399353,0,0,0.026239000260829926,0,1,0.9998549818992615,0.005415999796241522,0.016119999811053276,0,-0.005495000164955854,0.9999729990959167,0.004861999768763781,0,-0.016093000769615173,-0.00494999997317791,0.999858021736145,0,0,0.02951899915933609,0,1,0.9874280095100403,0.024599000811576843,0.15614399313926697,0,0.013062999583780766,0.9717379808425903,-0.23570099472999573,0,-0.15752899646759033,0.2347780019044876,0.9592000246047974,0,0,0.03175999969244003,-0.001259000040590763,1,0.10884200036525726,0.010768000036478043,-0.9940009713172913,0,0.8528749942779541,-0.5146769881248474,0.08781299740076065,0,-0.5106440186500549,-0.8573160171508789,-0.06520300358533859,0,0.013248000293970108,0.024746999144554138,-0.00010599999950500205,1,0.9474980235099792,0.06729099899530411,-0.3126010000705719,0,0.16477200388908386,0.7350760102272034,0.6576579809188843,0,0.27404001355171204,-0.6746370196342468,0.6853950023651123,0,0,0.02818400040268898,0,1,0.7703359723091125,0.6375960111618042,0.0072929998859763145,0,-0.6375910043716431,0.7700899839401245,0.020961999893188477,0,0.00774900009855628,-0.020796999335289,0.999754011631012,0,0,0.04408000037074089,0,1,0.9257109761238098,0.07897999882698059,-0.36989501118659973,0,-0.12856100499629974,0.9854329824447632,-0.11133100092411041,0,0.35571399331092834,0.15061500668525696,0.9223790168762207,0,0,0.04049000144004822,0,1,0.9168620109558105,0.36474499106407166,-0.16224899888038635,0,-0.30263298749923706,0.9001219868659973,0.31335899233818054,0,0.26034000515937805,-0.23820500075817108,0.9356719851493835,0,-0.011188999749720097,0.0069229998625814915,0,1,0.9403200149536133,0.08393300324678421,-0.3297770023345947,0,-0.10932900011539459,0.9922410249710083,-0.05920000001788139,0,0.32225000858306885,0.09172099828720093,0.9422010183334351,0,-0.002584999892860651,0.010204000398516655,0,1,0.7696549892425537,0.416608989238739,-0.48380500078201294,0,-0.5742819905281067,0.782850980758667,-0.2394690066576004,0,0.278982013463974,0.4621489942073822,0.8417760133743286,0,0.0009289999725297093,0.011548999696969986,0,1,0.9933649897575378,0.09525299817323685,0.0644489973783493,0,-0.11463599652051926,0.7750779986381531,0.6213799715042114,0,0.009235000237822533,-0.6246449947357178,0.7808539867401123,0,0,0.010764000006020069,0.0001250000059371814,1,0.9989050030708313,0.04451899975538254,0.014409000054001808,0,-0.04461999982595444,0.8135020136833191,0.5798479914665222,0,0.014093000441789627,-0.5798550248146057,0.814598023891449,0,0.0003969999961555004,0.01895200088620186,0,1,0.9974629878997803,0.07065299898386002,0.008658000268042088,0,-0.06797599792480469,0.909371018409729,0.41039401292800903,0,0.021121999248862267,-0.40994200110435486,0.9118670225143433,0,-0.00025099999038502574,0.014946999959647655,0,1,0.11555500328540802,0.015941999852657318,0.9931730031967163,0,-0.7764130234718323,-0.6221879720687866,0.10032200068235397,0,0.6195399761199951,-0.7827050089836121,-0.059519000351428986,0,-0.013248000293970108,0.024746999144554138,-0.00009899999713525176,1,0.9849939942359924,-0.10786899924278259,-0.13472600281238556,0,0.16737000644207,0.7875180244445801,0.5931299924850464,0,0.04211900010704994,-0.6067789793014526,0.793753981590271,0,0,0.02818400040268898,0,1,0.774940013885498,-0.6320099830627441,-0.00559999980032444,0,0.6319910287857056,0.7747499942779541,0.018706999719142914,0,-0.00748400017619133,-0.018036000430583954,0.9998090267181396,0,0,0.04406600072979927,0,1,0.9130129814147949,-0.02729400061070919,0.40701600909233093,0,0.07771199941635132,0.9911239743232727,-0.10785999894142151,0,-0.4004589915275574,0.13010700047016144,0.9070309996604919,0,0,0.04056600108742714,0,1,0.8398450016975403,-0.32012298703193665,0.4383859932422638,0,0.14286400377750397,0.9094780087471008,0.39043501019477844,0,-0.5236899852752686,-0.2652750015258789,0.8095539808273315,0,0.011164999566972256,0.0057069999165833,0,1,0.9973639845848083,-0.04272700101137161,0.05864899978041649,0,0.04546999931335449,0.9978939890861511,-0.04626600071787834,0,-0.05654900148510933,0.04881099984049797,0.9972059726715088,0,0.0019809999503195286,0.009832999669015408,0,1,0.9873530268669128,-0.10390599817037582,-0.1197429969906807,0,0.05889799818396568,0.9416339993476868,-0.33144500851631165,0,0.1471939980983734,0.32020100951194763,0.9358450174331665,0,-0.0006939999875612557,0.011506999842822552,0,1,0.9616550207138062,-0.201324000954628,-0.18624599277973175,0,0.2735449969768524,0.6550310254096985,0.7043489813804626,0,-0.019804999232292175,-0.7282879948616028,0.6849849820137024,0,0,0.013063999824225903,0.00017100000695791095,1,0.9944130182266235,-0.09669200330972672,-0.04233799874782562,0,0.09779500216245651,0.6929910182952881,0.7142829895019531,0,-0.039726000279188156,-0.7144330143928528,0.6985750198364258,0,-0.00016999999934341758,0.01789500005543232,0,1,0.992667019367218,-0.11362200230360031,-0.04126200079917908,0,0.10881900042295456,0.6912879943847656,0.7143380045890808,0,-0.05264100059866905,-0.7135900259017944,0.6985830068588257,0,0.00009300000237999484,0.014088000170886517,0,1,-0.9977669715881348,-0.06239999830722809,0.023830000311136246,0,0.06621400266885757,-0.9709640145301819,0.22988100349903107,0,0.008794000372290611,0.23094600439071655,0.9729269742965698,0,0.02312999963760376,-0.01093399990350008,-0.00048099999548867345,1,0.9938279986381531,0.10580699890851974,0.033319998532533646,0,-0.029937999323010445,0.5450530052185059,-0.837867021560669,0,-0.10681299865245819,0.8316980004310608,0.5448570251464844,0,0,0.06177600100636482,0,1,0.9951750040054321,-0.03149300068616867,0.09292200207710266,0,-0.07793200016021729,0.32164299488067627,0.9436479806900024,0,-0.059606000781059265,-0.9463369846343994,0.31763699650764465,0,0,0.054933998733758926,0,1,0.991474986076355,-0.0033599999733269215,0.13025300204753876,0,-0.10149600356817245,0.6069430112838745,0.788237988948822,0,-0.0817049965262413,-0.7947390079498291,0.6014270186424255,0,0,0.04061900079250336,0,1,-0.9978579878807068,0.0006539999740198255,-0.065420001745224,0,-0.010006999596953392,-0.9897080063819885,0.14275400340557098,0,-0.06465300172567368,0.1431030035018921,0.9875940084457397,0,-0.02312999963760376,-0.01093399990350008,-0.0005450000171549618,1,0.9943469762802124,-0.10510899871587753,0.015030999667942524,0,0.0904960036277771,0.7649109959602356,-0.6377469897270203,0,0.055535998195409775,0.6355019807815552,0.7700989842414856,0,0,0.06176700070500374,0,1,0.9858499765396118,-0.014210999943315983,-0.16702400147914886,0,0.1656319946050644,0.23585699498653412,0.9575690031051636,0,0.02578599937260151,-0.9716839790344238,0.2348729968070984,0,0,0.054972000420093536,0,1,0.9958140254020691,0.000009999999747378752,-0.09140600264072418,0,0.0545010007917881,0.8027380108833313,0.5938360095024109,0,0.07338099926710129,-0.5963320136070251,0.7993770241737366,0,0,0.04060500115156174,0,1
K0.033,0.998445987701416,0.00744991097599268,-0.055231232196092606,0,-0.015066953375935555,0.9902060031890869,-0.13880011439323425,0,0.053656239062547684,0.13941611349582672,0.9887789487838745,0,0.00018899889255408198,0.14460298418998718,0.00008900929969968274,1,0.9980090260505676,0.02314811199903488,-0.058669667690992355,0,-0.010365181602537632,0.9777650237083435,0.20944587886333466,0,0.06221369653940201,-0.20842088758945465,0.9760580658912659,0,0,0.0196749996393919,-0.00042299999040551484,1,0.9997190237045288,-0.004725978709757328,-0.023210924118757248,0,0.007854968309402466,0.9905930161476135,0.13661600649356842,0,0.022346926853060722,-0.13675999641418457,0.9903519749641418,0,0,0.022958999499678612,0,1,0.9996650218963623,-0.0018859778065234423,-0.025821924209594727,0,0.005324967671185732,0.9909980297088623,0.13376900553703308,0,0.025337927043437958,-0.13386200368404388,0.9906759858131409,0,0,0.026239000260829926,0,1,0.9999099969863892,0.003529975190758705,0.012937956489622593,0,-0.0036079748533666134,0.9999750256538391,0.006038013380020857,0,-0.012915955856442451,-0.006084013264626265,0.9998980164527893,0,0,0.02951899915933609,0,1,0.9896209836006165,0.014678914099931717,0.14294782280921936,0,0.017655029892921448,0.9748139977455139,-0.22232191264629364,0,-0.1426108032464981,0.22253790497779846,0.9644370675086975,0,0,0.03175999969244003,-0.001259000040590763,1,0.10850299894809723,0.010677997954189777,-0.994038999080658,0,0.849812924861908,-0.5198250412940979,0.08717599511146545,0,-0.5157950520515442,-0.8542059659957886,-0.06547700613737106,0,0.013248000293970108,0.024746999144554138,-0.00010599999950500205,1,0.9558080434799194,0.1022612676024437,-0.27563154697418213,0,0.10255641490221024,0.7626791596412659,0.6385948061943054,0,0.275521844625473,-0.6386417150497437,0.7184873223304749,0,0,0.02818400040268898,0,1,0.7775999307632446,0.6287200450897217,0.007055002264678478,0,-0.6287140846252441,0.7773609161376953,0.02066900208592415,0,0.007511002477258444,-0.02050800248980522,0.9997609853744507,0,0,0.04408000037074089,0,1,0.9345200061798096,0.13079646229743958,-0.33100584149360657,0,-0.17299440503120422,0.9797009229660034,-0.10128284245729446,0,0.31103983521461487,0.15191294252872467,0.9381770491600037,0,0,0.04049000144004822,0,1,0.9144749641418457,0.335914671421051,-0.2256026715040207,0,-0.25519245862960815,0.9114501476287842,0.322701096534729,0,0.3140255808830261,-0.23753003776073456,0.9192207455635071,0,-0.011188999749720097,0.0069229998625814915,0,1,0.9586400985717773,0.06895695626735687,-0.2761424779891968,0,-0.08450187742710114,0.9954169988632202,-0.04478084295988083,0,0.27178850769996643,0.06626278162002563,0.9600731134414673,0,-0.002584999892860651,0.010204000398516655,0,1,0.8192185163497925,0.41005682945251465,-0.4009169638156891,0,-0.5337793827056885,0.8008052110671997,-0.27164334058761597,0,0.2096681445837021,0.4365366995334625,0.874914288520813,0,0.0009289999725297093,0.011548999696969986,0,1,0.9946770071983337,0.0891929566860199,0.051591888070106506,0,-0.1017138883471489,0.769873857498169,0.6300382018089294,0,0.01647607795894146,-0.6319321990013123,0.7748488187789917,0,0,0.010764000006020069,0.0001250000059371814,1,0.9987850189208984,0.04674304276704788,0.01558502297848463,0,-0.04685204103589058,0.8030308485031128,0.5940922498703003,0,0.015254022553563118,-0.5941012501716614,0.8042458295822144,0,0.0003969999961555004,0.01895200088620186,0,1,0.9972879886627197,0.07297304272651672,0.009568017907440662,0,-0.07007903605699539,0.9018398523330688,0.42635029554367065,0,0.02248302660882473,-0.4258643090724945,0.9045078754425049,0,-0.00025099999038502574,0.014946999959647655,0,1,0.1007518619298935,0.01126895658671856,0.9948480129241943,0,-0.7882151007652283,-0.6092588901519775,0.0867258682847023,0,0.6070969104766846,-0.7928911447525024,-0.05250193551182747,0,-0.013248000293970108,0.024746999144554138,-0.00009899999713525176,1,0.9987539649009705,0.017104940488934517,-0.046883728355169296,0,0.016680467873811722,0.7709918022155762,0.6366271376609802,0,0.04703664779663086,-0.6366150975227356,0.7697458863258362,0,0,0.02818400040268898,0,1,0.7192093133926392,-0.6947556734085083,-0.007250020746141672,0,0.6947336792945862,0.7189732789993286,0.020564019680023193,0,-0.00907502043992281,-0.019827019423246384,0.9997619986534119,0,0,0.04406600072979927,0,1,0.9269362092018127,-0.03846804052591324,0.3732414245605469,0,0.06975094974040985,0.995058000087738,-0.07066890597343445,0,-0.36867842078208923,0.09153986722230911,0.92503821849823,0,0,0.04056600108742714,0,1,0.8339109420776367,-0.3506823182106018,0.42616385221481323,0,0.17512735724449158,0.9004079103469849,0.3982411026954651,0,-0.523377001285553,-0.2574649155139923,0.8122740387916565,0,0.011164999566972256,0.0057069999165833,0,1,0.9976819753646851,-0.03289582207798958,0.05956798046827316,0,0.035796817392110825,0.9981909990310669,-0.04830397292971611,0,-0.05787099152803421,0.0503239631652832,0.9970549941062927,0,0.0019809999503195286,0.009832999669015408,0,1,0.9890260100364685,-0.07327565550804138,-0.1282900869846344,0,0.028049655258655548,0.9456740617752075,-0.3239029049873352,0,0.14505498111248016,0.3167499601840973,0.9373520016670227,0,-0.0006939999875612557,0.011506999842822552,0,1,0.9654160141944885,-0.20576003193855286,-0.16010978817939758,0,0.2604339122772217,0.7325755953788757,0.628893256187439,0,-0.012107948772609234,-0.6488412618637085,0.7608275413513184,0,0,0.013063999824225903,0.00017100000695791095,1,0.9959849715232849,-0.08381286263465881,-0.031459905207157135,0,0.08463286608457565,0.7669866681098938,0.6360561847686768,0,-0.02917991206049919,-0.6361651420593262,0.7710006237030029,0,-0.00016999999934341758,0.01789500005543232,0,1,0.994454026222229,-0.1006428673863411,-0.03052191063761711,0,0.0969928726553917,0.7654896378517151,0.6360951662063599,0,-0.04065389558672905,-0.6355281472206116,0.7710065841674805,0,0.00009300000237999484,0.014088000170886517,0,1,-0.9978269934654236,-0.061346184462308884,0.024045104160904884,0,0.06373216211795807,-0.9912130832672119,0.11590777337551117,0,0.016724182292819023,0.11718878895044327,0.9929690361022949,0,0.02312999963760376,-0.01093399990350008,-0.00048099999548867345,1,0.9942190051078796,0.10634096711874008,-0.014835428446531296,0,-0.06795036047697067,0.5161830186843872,-0.8537789583206177,0,-0.0831337496638298,0.8498510122299194,0.5204250812530518,0,0,0.06177600100636482,0,1,0.9933840036392212,-0.07201337069272995,0.08945493400096893,0,-0.06379983574151993,0.301612913608551,0.9512930512428284,0,-0.09548632800579071,-0.9507070183753967,0.2950228750705719,0,0,0.054933998733758926,0,1,0.9892820119857788,-0.00733903655782342,0.1458331048488617,0,-0.12124215811491013,0.5152841806411743,0.8483994007110596,0,-0.0813719630241394,-0.8569874167442322,0.5088721513748169,0,0,0.04061900079250336,0,1,-0.9975730180740356,0.0029239740688353777,-0.06957404315471649,0,-0.01556201558560133,-0.9832108616828918,0.18180646002292633,0,-0.06787403672933578,0.18244746327400208,0.9808698892593384,0,-0.02312999963760376,-0.01093399990350008,-0.0005450000171549618,1,0.9941980242729187,-0.10756100714206696,0.0011688567465171218,0,0.08113086968660355,0.7426726818084717,-0.6647223830223083,0,0.07063014060258865,0.66096031665802,0.747089684009552,0,0,0.06176700070500374,0,1,0.985725998878479,-0.018982043489813805,-0.16728399693965912,0,0.16659101843833923,0.2535451352596283,0.9528709650039673,0,0.024325985461473465,-0.9671369194984436,0.2530881464481354,0,0,0.054972000420093536,0,1,0.9958140254020691,0.000009999999747378752,-0.09140700101852417,0,0.0545010007917881,0.8027359843254089,0.5938379764556885,0,0.07338099926710129,-0.5963339805603027,0.7993749976158142,0,0,0.04060500115156174,0,1
K0.067,0.9969289898872375,-0.0014619113644585013,-0.07829277217388153,0,-0.010437045246362686,0.9884240031242371,-0.15135988593101501,0,0.07760775834321976,0.15171188116073608,0.9853730797767639,0,0.00007800110324751586,0.14344801008701324,0.001017990754917264,1,0.9990820288658142,0.03426188975572586,-0.0257183276116848,0,-0.0285298191010952,0.9799519777297974,0.1971811205148697,0,0.031959302723407745,-0.19626611471176147,0.9800299406051636,0,0,0.0196749996393919,-0.00042299999040551484,1,0.999875009059906,-0.0025650213938206434,-0.015592075884342194,0,0.00467003183439374,0.9906319975852966,0.13647599518299103,0,0.015096072107553482,-0.1365319937467575,0.9905210137367249,0,0,0.022958999499678612,0,1,0.9998340010643005,0.0003319779643788934,-0.018241073936223984,0,0.002107031876221299,0.9910370111465454,0.13357000052928925,0,0.01812107302248478,-0.13358600437641144,0.9908720254898071,0,0,0.026239000260829926,0,1,0.9999629855155945,0.0010320247383788228,0.008568043820559978,0,-0.0010950249852612615,0.9999719858169556,0.0073899864219129086,0,-0.008561043068766594,-0.00739898718893528,0.9999359846115112,0,0,0.02951899915933609,0,1,0.9922099709510803,0.006105085369199514,0.12442518770694733,0,0.020657969638705254,0.9769060015678406,-0.2126670926809311,0,-0.1228501945734024,0.21358108520507812,0.9691699147224426,0,0,0.03175999969244003,-0.001259000040590763,1,0.10847199708223343,0.01053600199520588,-0.9940440058708191,0,0.8452880382537842,-0.5272379517555237,0.08665100485086441,0,-0.5231849551200867,-0.8496520519256592,-0.06609699130058289,0,0.013248000293970108,0.024746999144554138,-0.00010599999950500205,1,0.9646599292755127,0.1287897378206253,-0.2298794686794281,0,0.04380558431148529,0.781889796257019,0.6218751668930054,0,0.25983116030693054,-0.6099683046340942,0.7486166954040527,0,0,0.02818400040268898,0,1,0.7707090377807617,0.6371459364891052,0.0072809974662959576,0,-0.6371409296989441,0.7704630494117737,0.02094699814915657,0,0.0077359979040920734,-0.020782997831702232,0.999754011631012,0,0,0.04408000037074089,0,1,0.9325190186500549,0.1762455552816391,-0.3151911497116089,0,-0.2127975970506668,0.973365068435669,-0.0853041559457779,0,0.29176217317581177,0.14662006497383118,0.9451869130134583,0,0,0.04049000144004822,0,1,0.9064300656318665,0.30454328656196594,-0.29264035820961,0,-0.20252151787281036,0.9214238524436951,0.3316079080104828,0,0.37063443660736084,-0.24131295084953308,0.8968822360038757,0,-0.011188999749720097,0.0069229998625814915,0,1,0.9727478623390198,0.0643940418958664,-0.2227415293455124,0,-0.07269611954689026,0.9969249963760376,-0.029268154874444008,0,0.22017250955104828,0.044663216918706894,0.9744378924369812,0,-0.002584999892860651,0.010204000398516655,0,1,0.8712424635887146,0.39190617203712463,-0.2955440282821655,0,-0.4748725891113281,0.825353741645813,-0.3054296672344208,0,0.12422885000705719,0.4064492881298065,0.9051886796951294,0,0.0009289999725297093,0.011548999696969986,0,1,0.9956120252609253,0.08437404781579971,0.04046611115336418,0,-0.0903841108083725,0.7550880908966064,0.6493628025054932,0,0.024233924224972725,-0.6501708030700684,0.7594012022018433,0,0,0.010764000006020069,0.0001250000059371814,1,0.9985479712486267,0.05082195997238159,0.017875976860523224,0,-0.050945959985256195,0.7828791737556458,0.6200847625732422,0,0.01751897856593132,-0.6200947761535645,0.784331202507019,0,0.0003969999961555004,0.01895200088620186,0,1,0.9969469904899597,0.07724995166063309,0.011372982524335384,0,-0.0739329606294632,0.88704514503479,0.45572569966316223,0,0.025116974487900734,-0.4551747143268585,0.8900481462478638,0,-0.00025099999038502574,0.014946999959647655,0,1,0.08673813939094543,0.0068550435826182365,0.9962080121040344,0,-0.7986888885498047,-0.5972201228141785,0.07365012913942337,0,0.5954601168632507,-0.8020479083061218,-0.046326059848070145,0,-0.013248000293970108,0.024746999144554138,-0.00009899999713525176,1,0.9905640482902527,0.11117307096719742,0.08014673739671707,0,-0.1365494728088379,0.7506061792373657,0.6464858651161194,0,0.011712350882589817,-0.6513298749923706,0.7587041258811951,0,0,0.02818400040268898,0,1,0.6481857299804688,-0.7614253163337708,-0.009351979941129684,0,0.761401355266571,0.647888720035553,0.022536979988217354,0,-0.011100979521870613,-0.021728981286287308,0.999701976776123,0,0,0.04406600072979927,0,1,0.9480017423629761,-0.04238296300172806,0.31542956829071045,0,0.0647040531039238,0.9960610270500183,-0.0606251023709774,0,-0.3116185665130615,0.07788213342428207,0.9470107555389404,0,0,0.04056600108742714,0,1,0.8260030746459961,-0.3845176696777344,0.4121461510658264,0,0.21107164025306702,0.888991117477417,0.406377911567688,0,-0.5226539969444275,-0.2486770898103714,0.8154709339141846,0,0.011164999566972256,0.0057069999165833,0,1,0.9982100129127502,-0.015030178241431713,0.05788102000951767,0,0.01768818125128746,0.9987980127334595,-0.04570302739739418,0,-0.05712500587105751,0.046645037829875946,0.997277021408081,0,0.0019809999503195286,0.009832999669015408,0,1,0.9897239804267883,-0.03912133723497391,-0.1375369131565094,0,-0.006342658307403326,0.9488869309425354,-0.31555110216140747,0,0.14285200834274292,0.3131810426712036,0.9388880133628845,0,-0.0006939999875612557,0.011506999842822552,0,1,0.9678660035133362,-0.20915096998214722,-0.13960720598697662,0,0.25136807560920715,0.789308488368988,0.5601836442947388,0,-0.00697005121037364,-0.5772756934165955,0.8165194392204285,0,0,0.013063999824225903,0.00017100000695791095,1,0.9972730278968811,-0.07033613324165344,-0.022334091365337372,0,0.07092113047838211,0.8297944068908691,0.553544819355011,0,-0.0204020868986845,-0.553618848323822,0.8325204253196716,0,-0.00016999999934341758,0.01789500005543232,0,1,0.9959679841995239,-0.08708213269710541,-0.021541088819503784,0,0.08441312611103058,0.8285133242607117,0.5535698533058167,0,-0.03035910241305828,-0.553156852722168,0.8325244188308716,0,0.00009300000237999484,0.014088000170886517,0,1,-0.996192991733551,-0.08006581664085388,0.03446989506483078,0,0.07988183945417404,-0.9967819452285767,-0.006664781831204891,0,0.034892819821834564,-0.003885796759277582,0.9993829131126404,0,0.02312999963760376,-0.01093399990350008,-0.00048099999548867345,1,0.9929500222206116,0.1035570278763771,-0.05767757445573807,0,-0.1033826470375061,0.5185319781303406,-0.8487850427627563,0,-0.05799024924635887,0.8487640023231506,0.525581955909729,0,0,0.06177600100636482,0,1,0.9906010031700134,-0.10903563350439072,0.08258406817913055,0,-0.047538161277770996,0.2916850745677948,0.9553329348564148,0,-0.12825366854667664,-0.9502800107002258,0.283760130405426,0,0,0.054933998733758926,0,1,0.9875620007514954,-0.011037963442504406,0.15683989226818085,0,-0.1366688460111618,0.4328988194465637,0.8910216093063354,0,-0.07773103564977646,-0.9013745784759521,0.42600682377815247,0,0,0.04061900079250336,0,1,-0.9972820281982422,0.00035102557740174234,-0.07368496060371399,0,-0.017151985317468643,-0.973625123500824,0.2275085598230362,0,-0.07166196405887604,0.22815455496311188,0.9709841012954712,0,-0.02312999963760376,-0.01093399990350008,-0.0005450000171549618,1,0.9940159916877747,-0.10843599587678909,-0.013150857761502266,0,0.06849512457847595,0.7125663161277771,-0.6982526183128357,0,0.08508685976266861,0.6931737065315247,0.7157303094863892,0,0,0.06176700070500374,0,1,0.9856110215187073,-0.023287957534193993,-0.16741900146007538,0,0.16749298572540283,0.26782986521720886,0.9487960338592529,0,0.022744014859199524,-0.9631850719451904,0.26787686347961426,0,0,0.054972000420093536,0,1,0.9958140254020691,0.000009999999747378752,-0.09140600264072418,0,0.0545010007917881,0.8027369976043701,0.5938379764556885,0,0.07338099926710129,-0.5963339805603027,0.7993760108947754,0,0,0.04060500115156174,0,1
